kmer	count
AAAAAA	0.300876
AAAAAC	0.273794
AAAAAG	0.98158
AAAAAT	0.288339
AAAACA	0.308935
AAAACC	1.18293
AAAACG	0.305525
AAAACT	1.30415
AAAAGA	0.294474
AAAAGC	0.439374
AAAAGG	0.401167
AAAAGT	0.518362
AAAATA	0.352843
AAAATC	0
AAAATG	0.118903
AAAATT	0.12077
AAACAA	1.00779
AAACAC	1.21008
AAACAG	1.05149
AAACAT	2.10658
AAACCA	0.688572
AAACCC	1.2022
AAACCG	0
AAACCT	2.42811
AAACGA	0.496066
AAACGC	0.452298
AAACGG	1.4882
AAACGT	0.831247
AAACTA	0.307561
AAACTC	0.419402
AAACTG	0.787273
AAACTT	0.574284
AAAGAA	0.565569
AAAGAC	0.205956
AAAGAG	0.267445
AAAGAT	0.19303
AAAGCA	0.574882
AAAGCC	1.49302
AAAGCG	0.659059
AAAGCT	0.520311
AAAGGA	1.05752
AAAGGC	0.145076
AAAGGG	0.242175
AAAGGT	1.45687
AAAGTA	0.728435
AAAGTC	0
AAAGTG	0.143274
AAAGTT	0.367603
AAATAA	1.28978
AAATAC	0.345575
AAATAG	1.31812
AAATAT	0.792684
AAATCA	0.851185
AAATCC	0.192226
AAATCG	0
AAATCT	0.392632
AAATGA	0.574882
AAATGC	0.941516
AAATGG	0.510711
AAATGT	0.795419
AAATTA	0.310669
AAATTC	0.185278
AAATTG	0
AAATTT	0.492536
AACAAA	0.443599
AACAAC	0.291989
AACAAG	0
AACAAT	0
AACACA	0
AACACC	0.244097
AACACG	0
AACACT	0.417505
AACAGA	0.329531
AACAGC	0.333099
AACAGG	0.349502
AACAGT	0.245395
AACATA	0.372051
AACATC	0
AACATG	0.233001
AACATT	0.461342
AACCAA	0.25073
AACCAC	1.36492
AACCAG	0.768905
AACCAT	0.762549
AACCCA	0.626258
AACCCC	0.68857
AACCCG	0.591465
AACCCT	1.54424
AACCGA	0
AACCGC	0.607029
AACCGG	0
AACCGT	0
AACCTA	0.971251
AACCTC	0
AACCTG	0.750149
AACCTT	0.279601
AACGAA	0
AACGAC	0
AACGAG	0
AACGAT	0
AACGCA	0.699004
AACGCC	0
AACGCG	0
AACGCT	0
AACGGA	0
AACGGC	0
AACGGG	0
AACGGT	0
AACGTA	0.98158
AACGTC	0
AACGTG	0
AACGTT	0
AACTAA	1.2248
AACTAC	0
AACTAG	0.485626
AACTAT	0
AACTCA	0.488194
AACTCC	0
AACTCG	0.756299
AACTCT	0.473172
AACTGA	0.699004
AACTGC	0.468367
AACTGG	0.186778
AACTGT	0.756299
AACTTA	0.42325
AACTTC	0.545969
AACTTG	0
AACTTT	0
AAGAAA	0.324318
AAGAAC	0.25073
AAGAAG	0.144622
AAGAAT	0.373557
AAGACA	1.12522
AAGACC	0.225045
AAGACG	0.496066
AAGACT	0.640755
AAGAGA	0
AAGAGC	0.172143
AAGAGG	0.141951
AAGAGT	0
AAGATA	0
AAGATC	0
AAGATG	0.2126
AAGATT	0
AAGCAA	1.12522
AAGCAC	0
AAGCAG	1.2035
AAGCAT	0.32489
AAGCCA	0.892922
AAGCCC	0.892922
AAGCCG	0.98158
AAGCCT	0.331901
AAGCGA	0
AAGCGC	0
AAGCGG	0.881544
AAGCGT	1.70868
AAGCTA	0.349503
AAGCTC	0
AAGCTG	0.437983
AAGCTT	0.445741
AAGGAA	0.123354
AAGGAC	0
AAGGAG	0.335929
AAGGAT	0.271378
AAGGCA	0.975649
AAGGCC	1.01553
AAGGCG	0
AAGGCT	0.466003
AAGGGA	0.904594
AAGGGC	0.26438
AAGGGG	0.911294
AAGGGT	0.230671
AAGGTA	0
AAGGTC	0.49079
AAGGTG	0.184537
AAGGTT	0.50146
AAGTAA	0.552505
AAGTAC	0.802332
AAGTAG	0.603062
AAGTAT	0.726526
AAGTCA	0
AAGTCC	0.411912
AAGTCG	0
AAGTCT	0.259181
AAGTGA	0.361838
AAGTGC	0.526247
AAGTGG	0.765712
AAGTGT	0.699004
AAGTTA	0.569557
AAGTTC	0
AAGTTG	0
AAGTTT	0.413761
AATAAA	0.196316
AATAAC	0.299574
AATAAG	0
AATAAT	0.183802
AATACA	0.200584
AATACC	0.50146
AATACG	0
AATACT	0.331902
AATAGA	0.283032
AATAGC	0.831247
AATAGG	0
AATAGT	0.401166
AATATA	0
AATATC	0
AATATG	0
AATATT	0.187537
AATCAA	0.559202
AATCAC	0.305525
AATCAG	0.904591
AATCAT	0.301531
AATCCA	1.89593
AATCCC	1.27443
AATCCG	0.591465
AATCCT	2.45158
AATCGA	3.95436
AATCGC	0
AATCGG	0
AATCGT	0
AATCTA	0.831247
AATCTC	0.42717
AATCTG	0.222871
AATCTT	0.244097
AATGAA	0.301531
AATGAC	0.281307
AATGAG	0
AATGAT	0.286548
AATGCA	0.42325
AATGCC	0.992136
AATGCG	0
AATGCT	1.0252
AATGGA	0.431161
AATGGC	0.496068
AATGGG	0
AATGGT	0.768902
AATGTA	0.941518
AATGTC	0
AATGTG	0.401168
AATGTT	0.21558
AATTAA	0.588948
AATTAC	0.904593
AATTAG	0.410082
AATTAT	0.536444
AATTCA	0.445741
AATTCC	0
AATTCG	0
AATTCT	0.538532
AATTGA	1.04062
AATTGC	0.995705
AATTGG	0.910542
AATTGT	0.59528
AATTTA	0
AATTTC	0
AATTTG	0
AATTTT	0.35217
ACAAAA	0.322617
ACAAAC	0.990006
ACAAAG	0.661423
ACAAAT	0.785264
ACAACA	1.44169
ACAACC	2.73388
ACAACG	1.12523
ACAACT	1.45305
ACAAGA	1.68198
ACAAGC	1.30323
ACAAGG	0.454525
ACAAGT	1.13213
ACAATA	0.360423
ACAATC	0.435228
ACAATG	0.274609
ACAATT	0
ACACAA	1.78296
ACACAC	1.28151
ACACAG	1.68468
ACACAT	2.58696
ACACCA	2.67743
ACACCC	2.67877
ACACCG	1.84536
ACACCT	4.90314
ACACGA	2.51641
ACACGC	1.04062
ACACGG	2.22717
ACACGT	4.39374
ACACTA	4.55647
ACACTC	0.468367
ACACTG	2.0138
ACACTT	0.662213
ACAGAA	1.45994
ACAGAC	1.23574
ACAGAG	0.521881
ACAGAT	0.612403
ACAGCA	2.3583
ACAGCC	2.0113
ACAGCG	1.42389
ACAGCT	2.68743
ACAGGA	1.44169
ACAGGC	0.842635
ACAGGG	0.854338
ACAGGT	1.47461
ACAGTA	0.315988
ACAGTC	0.78638
ACAGTG	0.505119
ACAGTT	0.228387
ACATAA	2.88339
ACATAC	1.09843
ACATAG	4.1521
ACATAT	2.78396
ACATCA	1.32761
ACATCC	3.31503
ACATCG	1.53781
ACATCT	1.53781
ACATGA	1.80212
ACATGC	3.31902
ACATGG	1.48138
ACATGT	2.69116
ACATTA	1.43052
ACATTC	0.214578
ACATTG	0.775366
ACATTT	0.336746
ACCAAA	0.493414
ACCAAC	0
ACCAAG	0.468367
ACCAAT	0.53028
ACCACA	0.512602
ACCACC	0.49079
ACCACG	0.498748
ACCACT	0.728435
ACCAGA	0.431161
ACCAGC	0.258455
ACCAGG	0.377119
ACCAGT	0
ACCATA	0.542756
ACCATC	0
ACCATG	0.234184
ACCATT	1.81631
ACCCAA	1.59084
ACCCAC	0.961129
ACCCAG	1.30663
ACCCAT	0.744102
ACCCCA	1.90463
ACCCCC	2.05762
ACCCCG	0.663801
ACCCCT	2.43566
ACCCGA	0.878751
ACCCGC	0.986827
ACCCGG	1.11615
ACCCGT	1.84537
ACCCTA	1.2582
ACCCTC	0.676455
ACCCTG	0.702553
ACCCTT	0.90905
ACCGAA	0
ACCGAC	0
ACCGAG	0.831247
ACCGAT	1.4882
ACCGCA	0.470756
ACCGCC	1.16501
ACCGCG	0
ACCGCT	0.878751
ACCGGA	0.640754
ACCGGC	0.339223
ACCGGG	0
ACCGGT	0
ACCGTA	0
ACCGTC	0
ACCGTG	0
ACCGTT	0
ACCTAA	1.2815
ACCTAC	0
ACCTAG	1.45688
ACCTAT	0
ACCTCA	0.540635
ACCTCC	0.445741
ACCTCG	0.97467
ACCTCT	1.53781
ACCTGA	1.99011
ACCTGC	0.927987
ACCTGG	0.527852
ACCTGT	0.994272
ACCTTA	1.39801
ACCTTC	0.379706
ACCTTG	0.201459
ACCTTT	0.411912
ACGAAA	0.744101
ACGAAC	0
ACGAAG	0
ACGAAT	0
ACGACA	0
ACGACC	1.59084
ACGACG	1.04851
ACGACT	0
ACGAGA	0
ACGAGC	0.699004
ACGAGG	0.303514
ACGAGT	0.98158
ACGATA	0
ACGATC	0
ACGATG	0
ACGATT	0
ACGCAA	2.36586
ACGCAC	0.775366
ACGCAG	0.305525
ACGCAT	0.922686
ACGCCA	1.90637
ACGCCC	3.06201
ACGCCG	0
ACGCCT	2.00584
ACGCGA	3.41735
ACGCGC	1.7744
ACGCGG	1.3308
ACGCGT	2.66159
ACGCTA	0
ACGCTC	0.549217
ACGCTG	0.331902
ACGCTT	0.744101
ACGGAA	1.28151
ACGGAC	0
ACGGAG	0
ACGGAT	1.09843
ACGGCA	0.913549
ACGGCC	0.887198
ACGGCG	0
ACGGCT	1.26975
ACGGGA	0.715261
ACGGGC	0.668612
ACGGGG	0.21558
ACGGGT	1.16796
ACGGTA	0
ACGGTC	0
ACGGTG	0.435228
ACGGTT	0.809372
ACGTAA	4.10082
ACGTAC	1.24687
ACGTAG	0
ACGTAT	0
ACGTCA	0
ACGTCC	0.846501
ACGTCG	0
ACGTCT	2.40282
ACGTGA	0
ACGTGC	1.1729
ACGTGG	0.988589
ACGTGT	2.22334
ACGTTA	0
ACGTTC	0.583978
ACGTTG	0
ACGTTT	0
ACTAAA	0.717113
ACTAAC	0
ACTAAG	0.49079
ACTAAT	0.50146
ACTACA	0.904593
ACTACC	1.75193
ACTACG	0
ACTACT	1.98426
ACTAGA	0.878751
ACTAGC	0.659061
ACTAGG	1.80919
ACTAGT	1.94934
ACTATA	0.623436
ACTATC	0
ACTATG	0.524251
ACTATT	0.932006
ACTCAA	1.53781
ACTCAC	0.882951
ACTCAG	1.32285
ACTCAT	1.5251
ACTCCA	2.82717
ACTCCC	5.22008
ACTCCG	0.286548
ACTCCT	4.16876
ACTCGA	2.56301
ACTCGC	2.84779
ACTCGG	1.27267
ACTCGT	1.84537
ACTCTA	1.55073
ACTCTC	1.28151
ACTCTG	0.631976
ACTCTT	1.59084
ACTGAA	1.08978
ACTGAC	0.98158
ACTGAG	0.518362
ACTGAT	2.46519
ACTGCA	1.42683
ACTGCC	2.81736
ACTGCG	0.397709
ACTGCT	2.40701
ACTGGA	1.14382
ACTGGC	1.15336
ACTGGG	1.26395
ACTGGT	1.24687
ACTGTA	0
ACTGTC	0.234184
ACTGTG	0
ACTGTT	0.478075
ACTTAA	2.00584
ACTTAC	2.76807
ACTTAG	0.809374
ACTTAT	4.19401
ACTTCA	1.21406
ACTTCC	1.5003
ACTTCG	0
ACTTCT	0.404687
ACTTGA	1.30323
ACTTGC	1.67761
ACTTGG	2.77202
ACTTGT	2.51641
ACTTTA	0.838804
ACTTTC	0
ACTTTG	0.294787
ACTTTT	0.16595
AGAAAA	0.60703
AGAAAC	0.323749
AGAAAG	0.579091
AGAAAT	0.147394
AGAACA	0.680948
AGAACC	0.545969
AGAACG	0
AGAACT	0.404687
AGAAGA	0.311718
AGAAGC	0.615124
AGAAGG	0.774435
AGAAGT	0.410082
AGAATA	0.29764
AGAATC	0.421317
AGAATG	0
AGAATT	0.576678
AGACAA	2.58917
AGACAC	1.67423
AGACAG	0.970113
AGACAT	2.27423
AGACCA	2.40104
AGACCC	1.89593
AGACCG	2.22334
AGACCT	1.85361
AGACGA	1.16796
AGACGC	2.25045
AGACGG	1.31188
AGACGT	0.536445
AGACTA	0.631976
AGACTC	0.688572
AGACTG	0.354879
AGACTT	1.27443
AGAGAA	0.361365
AGAGAC	0.797711
AGAGAG	0.431161
AGAGAT	0.413761
AGAGCA	0.952625
AGAGCC	1.02268
AGAGCG	0.466003
AGAGCT	0.560903
AGAGGA	0.874583
AGAGGC	0.651307
AGAGGG	0.537487
AGAGGT	0.707037
AGAGTA	0
AGAGTC	0
AGAGTG	0.185278
AGAGTT	0.413761
AGATAA	0.756299
AGATAC	2.53484
AGATAG	0
AGATAT	0
AGATCA	0.79542
AGATCC	0.2521
AGATCG	0
AGATCT	0.263624
AGATGA	0.802335
AGATGC	1.47237
AGATGG	1.50643
AGATGT	0.552505
AGATTA	0.381275
AGATTC	0.263624
AGATTG	0.299574
AGATTT	0.196316
AGCAAA	0.156387
AGCAAC	0
AGCAAG	0.178815
AGCAAT	0
AGCACA	0.544892
AGCACC	0.856982
AGCACG	0
AGCACT	0.621337
AGCAGA	0.569559
AGCAGC	0
AGCAGG	0.0807955
AGCAGT	0.609703
AGCATA	0.649778
AGCATC	0.279601
AGCATG	0.262127
AGCATT	0.488194
AGCCAA	0.941515
AGCCAC	0.46956
AGCCAG	0.995703
AGCCAT	0.5042
AGCCCA	1.53781
AGCCCC	1.75901
AGCCCG	0.747113
AGCCCT	1.0095
AGCCGA	0.580306
AGCCGC	0.179511
AGCCGG	0.161308
AGCCGT	1.7744
AGCCTA	0.699006
AGCCTC	0.416374
AGCCTG	0.609033
AGCCTT	0.467577
AGCGAA	0.583978
AGCGAC	0.961129
AGCGAG	0
AGCGAT	0.73229
AGCGCA	0.336747
AGCGCC	0.571912
AGCGCG	0
AGCGCT	1.48024
AGCGGA	0.35763
AGCGGC	1.56009
AGCGGG	0
AGCGGT	1.34371
AGCGTA	0
AGCGTC	0
AGCGTG	0
AGCGTT	0.512605
AGCTAA	0.61105
AGCTAC	0
AGCTAG	0.366145
AGCTAT	0.904595
AGCTCA	0.549217
AGCTCC	0.411913
AGCTCG	0.346874
AGCTCT	1.17915
AGCTGA	0.313838
AGCTGC	0.489748
AGCTGG	0.651818
AGCTGT	0.647499
AGCTTA	0.349503
AGCTTC	0.174092
AGCTTG	0.381275
AGCTTT	0.183802
AGGAAA	0.396854
AGGAAC	0.194659
AGGAAG	0
AGGAAT	0.154295
AGGACA	0.156919
AGGACC	0.170237
AGGACG	0.466003
AGGACT	0.524253
AGGAGA	0.171185
AGGAGC	0.199715
AGGAGG	0.233001
AGGAGT	0.156387
AGGATA	0.401166
AGGATC	0
AGGATG	0.160188
AGGATT	0.4252
AGGCAA	0.897554
AGGCAC	0.809374
AGGCAG	0.587282
AGGCAT	0.671859
AGGCCA	1.6675
AGGCCC	2.1319
AGGCCG	0.512602
AGGCCT	1.97249
AGGCGA	0.910542
AGGCGC	0.78997
AGGCGG	0.38687
AGGCGT	0.488194
AGGCTA	0
AGGCTC	0.133722
AGGCTG	0.58546
AGGCTT	0
AGGGAA	0.681307
AGGGAC	0.41438
AGGGAG	0.191164
AGGGAT	0.359021
AGGGCA	0.332699
AGGGCC	0.653724
AGGGCG	0.445025
AGGGCT	0.836903
AGGGGA	0.478571
AGGGGC	0.667403
AGGGGG	0.585213
AGGGGT	0.404687
AGGGTA	0
AGGGTC	0.15126
AGGGTG	0.376094
AGGGTT	0.397709
AGGTAA	1.0545
AGGTAC	0
AGGTAG	0.262127
AGGTAT	0.485626
AGGTCA	0.404687
AGGTCC	0.189853
AGGTCG	0.42325
AGGTCT	0.699004
AGGTGA	0.690633
AGGTGC	1.01024
AGGTGG	0.588948
AGGTGT	0.785264
AGGTTA	0.744102
AGGTTC	0.49079
AGGTTG	0.588948
AGGTTT	0.394309
AGTAAA	0.454525
AGTAAC	0
AGTAAG	0
AGTAAT	0.375075
AGTACA	1.01767
AGTACC	0.53028
AGTACG	1.44169
AGTACT	0.456774
AGTAGA	0.717113
AGTAGC	0
AGTAGG	0
AGTAGT	0
AGTATA	0
AGTATC	0
AGTATG	0
AGTATT	0
AGTCAA	1.59084
AGTCAC	0.809374
AGTCAG	1.57532
AGTCAT	0
AGTCCA	3.09146
AGTCCC	2.80451
AGTCCG	0.452298
AGTCCT	3.00875
AGTCGA	1.12523
AGTCGC	1.4417
AGTCGG	0.576678
AGTCGT	2.30671
AGTCTA	1.47237
AGTCTC	1.15336
AGTCTG	0
AGTCTT	1.03094
AGTGAA	0.20688
AGTGAC	1.00292
AGTGAG	0.542755
AGTGAT	0.506969
AGTGCA	1.32285
AGTGCC	1.3619
AGTGCG	0
AGTGCT	1.09101
AGTGGA	1.56093
AGTGGC	0.413142
AGTGGG	0.618422
AGTGGT	1.13213
AGTGTA	0
AGTGTC	0.918096
AGTGTG	0.199716
AGTGTT	0.764657
AGTTAA	0.236586
AGTTAC	0.846501
AGTTAG	0.411914
AGTTAT	0.788622
AGTTCA	0
AGTTCC	0.835011
AGTTCG	0.512605
AGTTCT	0.866372
AGTTGA	0.627679
AGTTGC	1.03286
AGTTGG	0.234184
AGTTGT	0.922683
AGTTTA	0.498748
AGTTTC	0
AGTTTG	0.201459
AGTTTT	0.470758
ATAAAA	1.05752
ATAAAC	0.870459
ATAAAG	0.870457
ATAAAT	0.321493
ATAACA	0.390968
ATAACC	3.25654
ATAACG	1.28151
ATAACT	0.381275
ATAAGA	1.19313
ATAAGC	1.42684
ATAAGG	1.5251
ATAAGT	0
ATAATA	0
ATAATC	0
ATAATG	0.360423
ATAATT	0.620641
ATACAA	2.64885
ATACAC	1.8271
ATACAG	1.03286
ATACAT	3.0252
ATACCA	3.13533
ATACCC	2.99573
ATACCG	1.84537
ATACCT	2.61137
ATACGA	3.07562
ATACGC	2.19687
ATACGG	3.74061
ATACGT	5.95281
ATACTA	2.71378
ATACTC	2.91989
ATACTG	2.097
ATACTT	1.46458
ATAGAA	2.71378
ATAGAC	2.17102
ATAGAG	0.443599
ATAGAT	1.55509
ATAGCA	2.71379
ATAGCC	2.6514
ATAGCG	0
ATAGCT	0.913549
ATAGGA	2.25045
ATAGGC	1.15336
ATAGGG	0.387683
ATAGGT	2.95732
ATAGTA	0.640754
ATAGTC	1.5126
ATAGTG	0.555834
ATAGTT	1.42684
ATATAA	1.70867
ATATAC	1.52091
ATATAG	1.56387
ATATAT	1.29956
ATATCA	1.24687
ATATCC	0
ATATCG	0
ATATCT	1.24687
ATATGA	3.50387
ATATGC	3.89084
ATATGG	0.53028
ATATGT	2.48415
ATATTA	1.27267
ATATTC	1.15335
ATATTG	0
ATATTT	0.305525
ATCAAA	0.740121
ATCAAC	0
ATCAAG	1.09843
ATCAAT	0.904595
ATCACA	0.533344
ATCACC	0.225045
ATCACG	0.591465
ATCACT	1.35689
ATCAGA	1.03094
ATCAGC	0.562614
ATCAGG	0.288339
ATCAGT	1.57724
ATCATA	0.583978
ATCATC	0
ATCATG	0.42325
ATCATT	0.573097
ATCCAA	1.19829
ATCCAC	1.31812
ATCCAG	0.854339
ATCCAT	1.33722
ATCCCA	1.95392
ATCCCC	1.49423
ATCCCG	0.654387
ATCCCT	3.20115
ATCCGA	0.854337
ATCCGC	0.756301
ATCCGG	0.951224
ATCCGT	2.19687
ATCCTA	0.70434
ATCCTC	1.02067
ATCCTG	0.48224
ATCCTT	0.891482
ATCGAA	0
ATCGAC	0
ATCGAG	1.4882
ATCGAT	0
ATCGCA	1.80919
ATCGCC	1.97718
ATCGCG	0
ATCGCT	1.64766
ATCGGA	0
ATCGGC	0
ATCGGG	1.67761
ATCGGT	0
ATCGTA	0
ATCGTC	0
ATCGTG	0.781936
ATCGTT	0
ATCTAA	1.40868
ATCTAC	1.52091
ATCTAG	1.06056
ATCTAT	1.62827
ATCTCA	0.792005
ATCTCC	1.19607
ATCTCG	0.788622
ATCTCT	0.370556
ATCTGA	1.18293
ATCTGC	1.18293
ATCTGG	1.12522
ATCTGT	1.46791
ATCTTA	2.58351
ATCTTC	0
ATCTTG	0
ATCTTT	0
ATGAAA	0.341735
ATGAAC	0.683469
ATGAAG	0.685161
ATGAAT	0.235379
ATGACA	0
ATGACC	2.37456
ATGACG	0
ATGACT	0.381275
ATGAGA	0.268222
ATGAGC	0.645234
ATGAGG	0.203234
ATGAGT	1.56387
ATGATA	0
ATGATC	0
ATGATG	0.366145
ATGATT	0.32489
ATGCAA	1.14619
ATGCAC	0.61105
ATGCAG	0.601751
ATGCAT	1.86025
ATGCCA	3.16607
ATGCCC	2.03533
ATGCCG	0.709758
ATGCCT	3.41736
ATGCGA	1.84537
ATGCGC	0.512605
ATGCGG	1.11167
ATGCGT	0
ATGCTA	0.512605
ATGCTC	0.288339
ATGCTG	0.594004
ATGCTT	0.89292
ATGGAA	0.792005
ATGGAC	0.401166
ATGGAG	0.35763
ATGGAT	0.699006
ATGGCA	1.50438
ATGGCC	1.74562
ATGGCG	1.24687
ATGGCT	1.6147
ATGGGA	1.5233
ATGGGC	0.699004
ATGGGG	0.331901
ATGGGT	0.354878
ATGGTA	1.19829
ATGGTC	0
ATGGTG	0
ATGGTT	0.431162
ATGTAA	1.80919
ATGTAC	1.52091
ATGTAG	0.496066
ATGTAT	1.29349
ATGTCA	0.299574
ATGTCC	1.04062
ATGTCG	0
ATGTCT	0.935153
ATGTGA	1.88304
ATGTGC	1.92226
ATGTGG	0.878748
ATGTGT	2.17387
ATGTTA	0.738146
ATGTTC	0.35763
ATGTTG	0.245395
ATGTTT	0.187537
ATTAAA	1.9914
ATTAAC	0.709756
ATTAAG	0.387683
ATTAAT	0
ATTACA	1.46924
ATTACC	2.97639
ATTACG	1.4882
ATTACT	1.83072
ATTAGA	0.709756
ATTAGC	0.814133
ATTAGG	0.831247
ATTAGT	1.23574
ATTATA	0
ATTATC	0.744102
ATTATG	0
ATTATT	0.2126
ATTCAA	2.36586
ATTCAC	2.03107
ATTCAG	0.838805
ATTCAT	2.83507
ATTCCA	2.31498
ATTCCC	3.58824
ATTCCG	0
ATTCCT	3.7042
ATTCGA	3.46007
ATTCGC	3.07562
ATTCGG	1.24687
ATTCGT	4.5009
ATTCTA	1.31812
ATTCTC	1.08734
ATTCTG	1.26643
ATTCTT	1.94659
ATTGAA	0.928879
ATTGAC	0.623436
ATTGAG	2.17958
ATTGAT	0.887198
ATTGCA	1.69819
ATTGCC	1.5126
ATTGCG	0
ATTGCT	2.66159
ATTGGA	0.941518
ATTGGC	2.94474
ATTGGG	1.19313
ATTGGT	2.42813
ATTGTA	0
ATTGTC	0.427168
ATTGTG	1.12522
ATTGTT	0.466003
ATTTAA	0.96448
ATTTAC	1.07916
ATTTAG	2.36586
ATTTAT	1.09471
ATTTCA	0.69115
ATTTCC	0.827521
ATTTCG	0
ATTTCT	1.83971
ATTTGA	1.63929
ATTTGC	1.00292
ATTTGG	1.72285
ATTTGT	1.37421
ATTTTA	0
ATTTTC	0
ATTTTG	0
ATTTTT	0.499134
CAAAAA	0.754532
CAAAAC	1.37202
CAAAAG	0.317074
CAAAAT	0
CAAACA	1.59584
CAAACC	1.49509
CAAACG	0
CAAACT	1.37032
CAAAGA	0.652073
CAAAGC	1.72611
CAAAGG	0.613079
CAAAGT	0.806542
CAAATA	0.411912
CAAATC	0.961129
CAAATG	0
CAAATT	1.07916
CAACAA	1.04851
CAACAC	1.47237
CAACAG	1.21406
CAACAT	0.966164
CAACCA	3.09438
CAACCC	2.68223
CAACCG	0.668613
CAACCT	1.64765
CAACGA	0.678445
CAACGC	1.79744
CAACGG	1.70868
CAACGT	2.19687
CAACTA	2.07345
CAACTC	1.31812
CAACTG	0.809374
CAACTT	2.08124
CAAGAA	0.360423
CAAGAC	0.866372
CAAGAG	0.190637
CAAGAT	0.295733
CAAGCA	2.7638
CAAGCC	1.77439
CAAGCG	0
CAAGCT	1.05329
CAAGGA	1.14925
CAAGGC	0.613079
CAAGGG	0.823827
CAAGGT	1.46791
CAAGTA	0.726526
CAAGTC	0.279601
CAAGTG	0.586451
CAAGTT	0.932006
CAATAA	0.549217
CAATAC	2.22334
CAATAG	2.39658
CAATAT	1.29349
CAATCA	0.381275
CAATCC	2.29035
CAATCG	1.44169
CAATCT	0.843921
CAATGA	3.09857
CAATGC	0.816534
CAATGG	0.875967
CAATGT	2.42812
CAATTA	0.693747
CAATTC	0.309626
CAATTG	0
CAATTT	0.736185
CACAAA	0.164765
CACAAC	0.53028
CACAAG	0.248034
CACAAT	0.32953
CACACA	0.0809372
CACACC	0.676455
CACACG	0
CACACT	0.609703
CACAGA	0.131437
CACAGC	0
CACAGG	0.23183
CACAGT	0
CACATA	0.277917
CACATC	0.997497
CACATG	0.279601
CACATT	0.195484
CACCAA	0.98158
CACCAC	0.344285
CACCAG	0.5042
CACCAT	0.788619
CACCCA	1.01617
CACCCC	1.41312
CACCCG	0.990006
CACCCT	0.333501
CACCGA	1.23574
CACCGC	0.758787
CACCGG	1.07916
CACCGT	0.623435
CACCTA	1.01024
CACCTC	0.324128
CACCTG	1.04634
CACCTT	0.503283
CACGAA	0
CACGAC	0.583978
CACGAG	0
CACGAT	0
CACGCA	0.640755
CACGCC	0.428491
CACGCG	0.381275
CACGCT	0.73229
CACGGA	0
CACGGC	0.229524
CACGGG	0
CACGGT	0.344286
CACGTA	0
CACGTC	0
CACGTG	0
CACGTT	0
CACTAA	0.435228
CACTAC	0
CACTAG	0
CACTAT	0
CACTCA	0.359021
CACTCC	0.540214
CACTCG	0
CACTCT	0.346874
CACTGA	0.675961
CACTGC	0.697495
CACTGG	0.281306
CACTGT	0.324889
CACTTA	0.284779
CACTTC	0
CACTTG	0.816537
CACTTT	0.139378
CAGAAA	0.463661
CAGAAC	0.171503
CAGAAG	0.24154
CAGAAT	0.184537
CAGACA	0.314909
CAGACC	0.328357
CAGACG	0
CAGACT	0.376606
CAGAGA	0.2019
CAGAGC	0.434409
CAGAGG	0.586098
CAGAGT	0.315988
CAGATA	0.61105
CAGATC	0
CAGATG	0
CAGATT	0
CAGCAA	0.645234
CAGCAC	0.574285
CAGCAG	0.343772
CAGCAT	0.199716
CAGCCA	1.02936
CAGCCC	1.11378
CAGCCG	0.781937
CAGCCT	1.07027
CAGCGA	1.24687
CAGCGC	0.269004
CAGCGG	0.520311
CAGCGT	0.549217
CAGCTA	0.415624
CAGCTC	0.18271
CAGCTG	0.440072
CAGCTT	0.552506
CAGGAA	0.371302
CAGGAC	0.57524
CAGGAG	0.34644
CAGGAT	0
CAGGCA	0.534373
CAGGCC	0.837535
CAGGCG	0.190637
CAGGCT	1.11976
CAGGGA	0.441476
CAGGGC	0.480565
CAGGGG	0.25073
CAGGGT	0.237194
CAGGTA	0.223953
CAGGTC	0.456774
CAGGTG	0.190244
CAGGTT	0.372051
CAGTAA	0.790872
CAGTAC	0
CAGTAG	0
CAGTAT	0
CAGTCA	0.512602
CAGTCC	1.06934
CAGTCG	0.53028
CAGTCT	0.366145
CAGTGA	1.08233
CAGTGC	0.593366
CAGTGG	0.419402
CAGTGT	1.02142
CAGTTA	0.576677
CAGTTC	0
CAGTTG	0.26514
CAGTTT	0.140653
CATAAA	0
CATAAC	0
CATAAG	0
CATAAT	0.854336
CATACA	1.35689
CATACC	0.913549
CATACG	0
CATACT	0
CATAGA	0
CATAGC	0
CATAGG	1.39801
CATAGT	1.0485
CATATA	0.569559
CATATC	1.19829
CATATG	0.569559
CATATT	0
CATCAA	0.640755
CATCAC	1.37304
CATCAG	1.24017
CATCAT	1.37714
CATCCA	3.68298
CATCCC	1.98285
CATCCG	0.496066
CATCCT	3.58476
CATCGA	0
CATCGC	1.03672
CATCGG	0
CATCGT	3.23749
CATCTA	0
CATCTC	0.163597
CATCTG	0.668612
CATCTT	1.3308
CATGAA	0.800016
CATGAC	1.8271
CATGAG	0.293848
CATGAT	0.404687
CATGCA	1.29591
CATGCC	0.98158
CATGCG	0
CATGCT	0.997497
CATGGA	1.09843
CATGGC	0.210658
CATGGG	1.16501
CATGGT	0.90905
CATGTA	0.439376
CATGTC	1.2248
CATGTG	0.260645
CATGTT	0.98158
CATTAA	0.603062
CATTAC	0.480564
CATTAG	0.397709
CATTAT	1.36694
CATTCA	0.612403
CATTCC	0.999813
CATTCG	0
CATTCT	0.680948
CATTGA	1.04851
CATTGC	1.54813
CATTGG	0.375075
CATTGT	2.16738
CATTTA	0.20688
CATTTC	0
CATTTG	0.574284
CATTTT	0.116796
CCAAAA	1.49355
CCAAAC	1.78201
CCAAAG	0.717113
CCAAAT	0.435228
CCAACA	1.7932
CCAACC	2.55289
CCAACG	0.922689
CCAACT	0.473172
CCAAGA	1.29047
CCAAGC	1.54813
CCAAGG	0.915817
CCAAGT	0.378149
CCAATA	1.41227
CCAATC	0.693747
CCAATG	0.768902
CCAATT	1.00292
CCACAA	2.53738
CCACAC	2.39842
CCACAG	2.03848
CCACAT	2.41541
CCACCA	2.74484
CCACCC	4.30064
CCACCG	1.59084
CCACCT	3.85216
CCACGA	3.26937
CCACGC	1.92226
CCACGG	3.53069
CCACGT	3.43858
CCACTA	2.2689
CCACTC	1.38277
CCACTG	1.42796
CCACTT	1.78815
CCAGAA	0.803332
CCAGAC	1.12867
CCAGAG	1.03867
CCAGAT	1.32352
CCAGCA	2.22871
CCAGCC	2.22218
CCAGCG	0.555835
CCAGCT	2.42812
CCAGGA	1.67153
CCAGGC	1.50702
CCAGGG	1.22947
CCAGGT	0.939385
CCAGTA	0.744102
CCAGTC	0.812223
CCAGTG	0.662848
CCAGTT	0.969208
CCATAA	0.466003
CCATAC	2.22334
CCATAG	2.23952
CCATAT	2.4496
CCATCA	1.45687
CCATCC	2.3067
CCATCG	0
CCATCT	1.85775
CCATGA	4.58288
CCATGC	3.63094
CCATGG	1.50643
CCATGT	1.87347
CCATTA	0.854336
CCATTC	0.571912
CCATTG	0.576677
CCATTT	0.683471
CCCAAA	0.610241
CCCAAC	0.317074
CCCAAG	0.46956
CCCAAT	0.678445
CCCACA	1.23174
CCCACC	0.534374
CCCACG	0.188303
CCCACT	0.240283
CCCAGA	0.344285
CCCAGC	0.409071
CCCAGG	0.346874
CCCAGT	0.856603
CCCATA	0.387683
CCCATC	0.141951
CCCATG	0.431161
CCCATT	0.180212
CCCCAA	1.14194
CCCCAC	0.38075
CCCCAG	0.752774
CCCCAT	1.21762
CCCCCA	2.16055
CCCCCC	2.42812
CCCCCG	0.879944
CCCCCT	2.48813
CCCCGA	1.84537
CCCCGC	1.56262
CCCCGG	0.842635
CCCCGT	0.998579
CCCCTA	0.49079
CCCCTC	0.404096
CCCCTG	0.917679
CCCCTT	0.68347
CCCGAA	0.349503
CCCGAC	0.336747
CCCGAG	0.139378
CCCGAT	0.668613
CCCGCA	0.364698
CCCGCC	0.907134
CCCGCG	0
CCCGCT	1.04851
CCCGGA	0.623435
CCCGGC	0.767483
CCCGGG	0.35763
CCCGGT	0.580306
CCCGTA	0
CCCGTC	0
CCCGTG	0.229524
CCCGTT	0
CCCTAA	0.271378
CCCTAC	0.688572
CCCTAG	2.07345
CCCTAT	0.42325
CCCTCA	1.38403
CCCTCC	0.671394
CCCTCG	0.631975
CCCTCT	0.902823
CCCTGA	1.44546
CCCTGC	1.00702
CCCTGG	1.1152
CCCTGT	0.956151
CCCTTA	0.290153
CCCTTC	0.292606
CCCTTG	0.145994
CCCTTT	0.936737
CCGAAA	0.53028
CCGAAC	0.744101
CCGAAG	0
CCGAAT	0
CCGACA	0
CCGACC	0.683469
CCGACG	0
CCGACT	1.6675
CCGAGA	1.42683
CCGAGC	0.713415
CCGAGG	0.245395
CCGAGT	0.599147
CCGATA	0
CCGATC	0.922686
CCGATG	0
CCGATT	0
CCGCAA	3.03515
CCGCAC	0.536444
CCGCAG	0.597207
CCGCAT	0.443599
CCGCCA	1.60934
CCGCCC	1.82109
CCGCCG	1.37714
CCGCCT	1.87877
CCGCGA	1.80919
CCGCGC	0.435228
CCGCGG	0.480564
CCGCGT	1.07289
CCGCTA	2.47148
CCGCTC	0.977419
CCGCTG	1.06581
CCGCTT	0.284779
CCGGAA	1.12522
CCGGAC	0
CCGGAG	0.528255
CCGGAT	1.62827
CCGGCA	0.956151
CCGGCC	0.987885
CCGGCG	0.218646
CCGGCT	0.597207
CCGGGA	1.48421
CCGGGC	0.430357
CCGGGG	1.10634
CCGGGT	0.897554
CCGGTA	0.941516
CCGGTC	0
CCGGTG	0
CCGGTT	0
CCGTAA	1.84537
CCGTAC	1.18293
CCGTAG	1.4882
CCGTAT	1.02521
CCGTCA	0.98158
CCGTCC	1.11977
CCGTCG	0.870457
CCGTCT	0.435228
CCGTGA	1.08127
CCGTGC	1.37304
CCGTGG	0.363262
CCGTGT	2.27423
CCGTTA	0
CCGTTC	0
CCGTTG	0
CCGTTT	0
CCTAAA	1.91089
CCTAAC	1.56387
CCTAAG	1.44169
CCTAAT	0.762549
CCTACA	3.70422
CCTACC	2.57494
CCTACG	0.756299
CCTACT	1.16061
CCTAGA	1.13911
CCTAGC	2.27823
CCTAGG	0.571912
CCTAGT	0.431162
CCTATA	0
CCTATC	0.823828
CCTATG	0
CCTATT	0
CCTCAA	1.7575
CCTCAC	2.03347
CCTCAG	1.36397
CCTCAT	2.1874
CCTCCA	5.38101
CCTCCC	6.93854
CCTCCG	2.04134
CCTCCT	4.89692
CCTCGA	1.95484
CCTCGC	2.39659
CCTCGG	2.51373
CCTCGT	2.24264
CCTCTA	1.15336
CCTCTC	0.992134
CCTCTG	1.68877
CCTCTT	1.34896
CCTGAA	1.34808
CCTGAC	2.05346
CCTGAG	1.06167
CCTGAT	0.244097
CCTGCA	1.49141
CCTGCC	2.24912
CCTGCG	0.597207
CCTGCT	1.55969
CCTGGA	1.29147
CCTGGC	1.49714
CCTGGG	1.36839
CCTGGT	2.16466
CCTGTA	0.275428
CCTGTC	0.633713
CCTGTG	0.545322
CCTGTT	1.56387
CCTTAA	2.17102
CCTTAC	2.47701
CCTTAG	2.42812
CCTTAT	2.19688
CCTTCA	1.40273
CCTTCC	1.42831
CCTTCG	0.995705
CCTTCT	1.63597
CCTTGA	3.47028
CCTTGC	2.69397
CCTTGG	2.68847
CCTTGT	3.06201
CCTTTA	0.95122
CCTTTC	0.526647
CCTTTG	0.437983
CCTTTT	0.817569
CGAAAA	0.615123
CGAAAC	0.631976
CGAAAG	0
CGAAAT	0
CGAACA	0
CGAACC	1.5126
CGAACG	0
CGAACT	0.461344
CGAAGA	0.415624
CGAAGC	0.401166
CGAAGG	0.668612
CGAAGT	0.640754
CGAATA	1.21406
CGAATC	1.00292
CGAATG	0
CGAATT	0
CGACAA	1.84537
CGACAC	1.16796
CGACAG	1.4882
CGACAT	0
CGACCA	2.83903
CGACCC	2.98711
CGACCG	1.80919
CGACCT	2.79602
CGACGA	1.24687
CGACGC	0.809372
CGACGG	0
CGACGT	2.19687
CGACTA	2.00584
CGACTC	1.21406
CGACTG	0.623436
CGACTT	0.768904
CGAGAA	0.394311
CGAGAC	1.47866
CGAGAG	1.00292
CGAGAT	0
CGAGCA	0.49079
CGAGCC	1.50765
CGAGCG	0.98158
CGAGCT	1.4882
CGAGGA	0.459048
CGAGGC	1.10218
CGAGGG	0.35763
CGAGGT	1.46924
CGAGTA	0
CGAGTC	0
CGAGTG	0
CGAGTT	0
CGATAA	1.64765
CGATAC	1.70868
CGATAG	0
CGATAT	1.70868
CGATCA	2.30671
CGATCC	0.562613
CGATCG	0
CGATCT	0.788622
CGATGA	0.838804
CGATGC	0.756299
CGATGG	0.466003
CGATGT	4.01168
CGATTA	0
CGATTC	0.461344
CGATTG	0
CGATTT	1.56387
CGCAAA	0.631976
CGCAAC	0
CGCAAG	0
CGCAAT	1.24687
CGCACA	0.291989
CGCACC	0.488194
CGCACG	0
CGCACT	0
CGCAGA	0
CGCAGC	0.293849
CGCAGG	0.173437
CGCAGT	0
CGCATA	1.39801
CGCATC	0.466003
CGCATG	0
CGCATT	0
CGCCAA	0.870457
CGCCAC	0.394309
CGCCAG	0.331901
CGCCAT	0.788622
CGCCCA	1.15336
CGCCCC	0.652074
CGCCCG	0.907134
CGCCCT	0.910545
CGCCGA	0
CGCCGC	0.161308
CGCCGG	0.239038
CGCCGT	1.88303
CGCCTA	1.28151
CGCCTC	0.549217
CGCCTG	0.355791
CGCCTT	1.82452
CGCGAA	0
CGCGAC	0.744101
CGCGAG	0
CGCGAT	0.768904
CGCGCA	0
CGCGCC	0.253485
CGCGCG	0.240282
CGCGCT	1.20612
CGCGGA	0.401166
CGCGGC	0.190637
CGCGGG	0.317074
CGCGGT	0.366145
CGCGTA	0
CGCGTC	0
CGCGTG	0.381275
CGCGTT	0
CGCTAA	0
CGCTAC	0.823825
CGCTAG	1.07289
CGCTAT	0
CGCTCA	0.307561
CGCTCC	0.576678
CGCTCG	0
CGCTCT	0.781935
CGCTGA	0
CGCTGC	0.428491
CGCTGG	0.642986
CGCTGT	0.29764
CGCTTA	0
CGCTTC	0
CGCTTG	0
CGCTTT	0.375075
CGGAAA	0.452298
CGGAAC	0.599146
CGGAAG	0
CGGAAT	0
CGGACA	0
CGGACC	0
CGGACG	0
CGGACT	0.512605
CGGAGA	0.559202
CGGAGC	0.170237
CGGAGG	0.145534
CGGAGT	0
CGGATA	0
CGGATC	0.375075
CGGATG	0
CGGATT	0
CGGCAA	1.35689
CGGCAC	0
CGGCAG	1.21864
CGGCAT	0
CGGCCA	1.73437
CGGCCC	1.64765
CGGCCG	0.69115
CGGCCT	1.08551
CGGCGA	1.18293
CGGCGC	0.401168
CGGCGG	0.313838
CGGCGT	0.555834
CGGCTA	0.475612
CGGCTC	0.324889
CGGCTG	0.932006
CGGCTT	0
CGGGAA	0.202343
CGGGAC	0.230671
CGGGAG	0
CGGGAT	0
CGGGCA	0.69115
CGGGCC	0.701129
CGGGCG	0
CGGGCT	0.354879
CGGGGA	0.30654
CGGGGC	0.189463
CGGGGG	0.478075
CGGGGT	0
CGGGTA	0.720848
CGGGTC	0
CGGGTG	0.366145
CGGGTT	0.313839
CGGTAA	0
CGGTAC	0
CGGTAG	0
CGGTAT	0
CGGTCA	0
CGGTCC	0.309626
CGGTCG	0.838804
CGGTCT	1.02521
CGGTGA	0.35217
CGGTGC	0.301531
CGGTGG	0.218646
CGGTGT	1.07289
CGGTTA	0
CGGTTC	0
CGGTTG	0
CGGTTT	0
CGTAAA	1.04851
CGTAAC	1.70868
CGTAAG	0.98158
CGTAAT	0
CGTACA	2.05041
CGTACC	0
CGTACG	0
CGTACT	1.53781
CGTAGA	0
CGTAGC	2.19687
CGTAGG	0
CGTAGT	2.14578
CGTATA	0
CGTATC	0
CGTATG	0
CGTATT	0
CGTCAA	0
CGTCAC	1.03672
CGTCAG	0.435228
CGTCAT	0.678445
CGTCCA	3.52618
CGTCCC	3.12019
CGTCCG	0.887198
CGTCCT	2.79601
CGTCGA	4.46461
CGTCGC	0.809372
CGTCGG	1.41952
CGTCGT	0
CGTCTA	1.04851
CGTCTC	0.858312
CGTCTG	0
CGTCTT	2.58697
CGTGAA	0.878751
CGTGAC	0
CGTGAG	0.233001
CGTGAT	0
CGTGCA	1.09843
CGTGCC	1.24687
CGTGCG	0
CGTGCT	1.18293
CGTGGA	0.583978
CGTGGC	0
CGTGGG	0.562612
CGTGGT	0.838804
CGTGTA	0.922686
CGTGTC	0.372051
CGTGTG	0.636333
CGTGTT	0.878751
CGTTAA	2.76806
CGTTAC	0
CGTTAG	0.870457
CGTTAT	0
CGTTCA	0.599146
CGTTCC	0
CGTTCG	0
CGTTCT	0
CGTTGA	1.00292
CGTTGC	2.42812
CGTTGG	1.16796
CGTTGT	1.12523
CGTTTA	0
CGTTTC	0
CGTTTG	0.649778
CGTTTT	0.97467
CTAAAA	0.938325
CTAAAC	0.775366
CTAAAG	1.65951
CTAAAT	0.607028
CTAACA	1.81631
CTAACC	3.61049
CTAACG	2.79601
CTAACT	0.443599
CTAAGA	2.05041
CTAAGC	2.23231
CTAAGG	0.566064
CTAAGT	0.762549
CTAATA	0.576678
CTAATC	0.922689
CTAATG	0.795418
CTAATT	0.594004
CTACAA	0.720847
CTACAC	0.816534
CTACAG	0.678444
CTACAT	2.97639
CTACCA	3.18167
CTACCC	4.28049
CTACCG	0.870457
CTACCT	4.63921
CTACGA	7.28435
CTACGC	0.961131
CTACGG	1.53781
CTACGT	3.2953
CTACTA	1.73003
CTACTC	0.946343
CTACTG	1.65951
CTACTT	2.41
CTAGAA	1.88854
CTAGAC	3.72802
CTAGAG	0.928879
CTAGAT	1.11167
CTAGCA	2.64705
CTAGCC	3.95436
CTAGCG	0
CTAGCT	1.64766
CTAGGA	2.36586
CTAGGC	0.870459
CTAGGG	1.41228
CTAGGT	1.78815
CTAGTA	2.16254
CTAGTC	1.4882
CTAGTG	1.3308
CTAGTT	0.470756
CTATAA	1.31813
CTATAC	1.53781
CTATAG	0
CTATAT	1.31812
CTATCA	2.97639
CTATCC	1.72465
CTATCG	0
CTATCT	1.56387
CTATGA	1.88303
CTATGC	1.98426
CTATGG	2.68222
CTATGT	2.76807
CTATTA	0.485626
CTATTC	0
CTATTG	1.11167
CTATTT	0.509771
CTCAAA	1.02521
CTCAAC	0.327193
CTCAAG	0.379706
CTCAAT	0.35763
CTCACA	0
CTCACC	0.78638
CTCACG	0
CTCACT	0.768904
CTCAGA	0.480564
CTCAGC	0.736674
CTCAGG	0.794049
CTCAGT	0.809374
CTCATA	0.562613
CTCATC	0
CTCATG	0.288339
CTCATT	0.588948
CTCCAA	0.45981
CTCCAC	1.45141
CTCCAG	1.07436
CTCCAT	0.60504
CTCCCA	2.82867
CTCCCC	2.10736
CTCCCG	0.831247
CTCCCT	1.76711
CTCCGA	1.20612
CTCCGC	1.27756
CTCCGG	1.10976
CTCCGT	0.488194
CTCCTA	1.18902
CTCCTC	0.686522
CTCCTG	0.855469
CTCCTT	0.626257
CTCGAA	0.419401
CTCGAC	0.699004
CTCGAG	0.397709
CTCGAT	0.709758
CTCGCA	2.61137
CTCGCC	1.59773
CTCGCG	0.439376
CTCGCT	1.35689
CTCGGA	0.627679
CTCGGC	0.144622
CTCGGG	0.647499
CTCGGT	0
CTCGTA	0
CTCGTC	0
CTCGTG	0.387683
CTCGTT	0.649778
CTCTAA	1.94542
CTCTAC	1.4164
CTCTAG	1.22049
CTCTAT	1.5378
CTCTCA	1.11744
CTCTCC	0.976783
CTCTCG	0
CTCTCT	0.671392
CTCTGA	2.20304
CTCTGC	0.96113
CTCTGG	0.962954
CTCTGT	1.60268
CTCTTA	0.591465
CTCTTC	0.125025
CTCTTG	0.165356
CTCTTT	0.392076
CTGAAA	0.408268
CTGAAC	0.655938
CTGAAG	0.377119
CTGAAT	0.646741
CTGACA	0.874584
CTGACC	0.933352
CTGACG	0.435228
CTGACT	0.759412
CTGAGA	0.78638
CTGAGC	0.331901
CTGAGG	0.551092
CTGAGT	0.359021
CTGATA	0.435228
CTGATC	0
CTGATG	0
CTGATT	0.234184
CTGCAA	1.43355
CTGCAC	0.644333
CTGCAG	0.675465
CTGCAT	0.998579
CTGCCA	2.45751
CTGCCC	2.44097
CTGCCG	1.6899
CTGCCT	2.20587
CTGCGA	0.636333
CTGCGC	0.894076
CTGCGG	0.925329
CTGCGT	2.07013
CTGCTA	0
CTGCTC	0.363262
CTGCTG	1.00448
CTGCTT	0.608632
CTGGAA	0.197577
CTGGAC	0.920056
CTGGAG	0.377119
CTGGAT	0.551405
CTGGCA	1.24382
CTGGCC	1.36089
CTGGCG	0.183802
CTGGCT	1.49625
CTGGGA	1.13631
CTGGGC	0.79249
CTGGGG	0.779903
CTGGGT	0.974668
CTGGTA	0
CTGGTC	0.269791
CTGGTG	0.672511
CTGGTT	0.376606
CTGTAA	1.13445
CTGTAC	2.39214
CTGTAG	1.39801
CTGTAT	2.66892
CTGTCA	1.38008
CTGTCC	1.60666
CTGTCG	0
CTGTCT	1.04586
CTGTGA	1.58586
CTGTGC	2.53618
CTGTGG	1.15336
CTGTGT	2.52608
CTGTTA	0.295733
CTGTTC	0.194659
CTGTTG	0.640755
CTGTTT	0.489488
CTTAAA	1.69473
CTTAAC	1.72143
CTTAAG	1.0252
CTTAAT	0.910542
CTTACA	0.904593
CTTACC	1.64765
CTTACG	1.00292
CTTACT	0.916575
CTTAGA	0.631976
CTTAGC	0.768902
CTTAGG	0.804666
CTTAGT	0.870457
CTTATA	0
CTTATC	0.932006
CTTATG	0
CTTATT	0.566064
CTTCAA	1.43423
CTTCAC	2.94922
CTTCAG	2.20304
CTTCAT	2.99873
CTTCCA	5.04951
CTTCCC	4.30124
CTTCCG	1.55859
CTTCCT	4.18518
CTTCGA	3.20377
CTTCGC	1.29956
CTTCGG	2.46519
CTTCGT	2.12112
CTTCTA	1.55859
CTTCTC	0.926805
CTTCTG	0.642539
CTTCTT	1.29956
CTTGAA	0.809374
CTTGAC	1.20612
CTTGAG	0.390968
CTTGAT	1.0252
CTTGCA	1.87031
CTTGCC	2.91555
CTTGCG	0.562613
CTTGCT	2.02617
CTTGGA	1.97936
CTTGGC	1.97056
CTTGGG	1.47357
CTTGGT	2.05548
CTTGTA	1.00292
CTTGTC	0.45009
CTTGTG	1.11435
CTTGTT	1.15336
CTTTAA	2.39898
CTTTAC	3.7484
CTTTAG	3.15988
CTTTAT	2.78833
CTTTCA	1.53781
CTTTCC	1.83763
CTTTCG	0.599146
CTTTCT	2.01418
CTTTGA	3.4857
CTTTGC	3.60157
CTTTGG	2.48763
CTTTGT	1.62133
CTTTTA	0.551405
CTTTTC	0.332699
CTTTTG	1.7744
CTTTTT	0.385255
GAAAAA	0.941516
GAAAAC	0.865016
GAAAAG	0.670231
GAAAAT	0.305525
GAAACA	1.02521
GAAACC	1.22326
GAAACG	0.506969
GAAACT	0.558076
GAAAGA	0.700773
GAAAGC	0.345575
GAAAGG	0.470757
GAAAGT	0.222871
GAAATA	0.678444
GAAATC	0.222871
GAAATG	0.313838
GAAATT	0.21558
GAACAA	1.66463
GAACAC	1.77439
GAACAG	0.729396
GAACAT	3.16953
GAACCA	2.86548
GAACCC	2.15413
GAACCG	0
GAACCT	2.8671
GAACGA	0.631976
GAACGC	0.50146
GAACGG	0.50146
GAACGT	3.20377
GAACTA	3.11017
GAACTC	0.542756
GAACTG	0.904591
GAACTT	0.961129
GAAGAA	1.01874
GAAGAC	0.812938
GAAGAG	0.388772
GAAGAT	0.32953
GAAGCA	1.64765
GAAGCC	1.41516
GAAGCG	0.276252
GAAGCT	2.27176
GAAGGA	1.05383
GAAGGC	0.762549
GAAGGG	0.828759
GAAGGT	0.560335
GAAGTA	0.795418
GAAGTC	0.493414
GAAGTG	0.183072
GAAGTT	0.506969
GAATAA	0.971247
GAATAC	0
GAATAG	1.7575
GAATAT	1.57724
GAATCA	1.52763
GAATCC	0.874584
GAATCG	0
GAATCT	0.2521
GAATGA	1.59773
GAATGC	1.7647
GAATGG	0.596563
GAATGT	2.21799
GAATTA	0
GAATTC	0.242812
GAATTG	0.288339
GAATTT	0.186025
GACAAA	0.685161
GACAAC	0.401166
GACAAG	0
GACAAT	0
GACACA	0
GACACC	1.35689
GACACG	0
GACACT	0
GACAGA	0.244744
GACAGC	0.158537
GACAGG	0.257733
GACAGT	0.241541
GACATA	1.19829
GACATC	0
GACATG	0
GACATT	0
GACCAA	0.387683
GACCAC	0
GACCAG	0.549217
GACCAT	0.73229
GACCCA	1.1779
GACCCC	0.240283
GACCCG	0
GACCCT	1.50985
GACCGA	0.823825
GACCGC	0.709756
GACCGG	0
GACCGT	0.720848
GACCTA	0.496066
GACCTC	0.652073
GACCTG	0.424548
GACCTT	0.210658
GACGAA	0
GACGAC	0.709758
GACGAG	0
GACGAT	1.07289
GACGCA	0
GACGCC	0
GACGCG	0
GACGCT	0
GACGGA	0
GACGGC	0.366145
GACGGG	0
GACGGT	0
GACGTA	1.35689
GACGTC	0.576678
GACGTG	0
GACGTT	0
GACTAA	0
GACTAC	0
GACTAG	0.53028
GACTAT	0.709758
GACTCA	0.274609
GACTCC	0.162445
GACTCG	0
GACTCT	0.205956
GACTGA	0.235379
GACTGC	0.230671
GACTGG	0.820893
GACTGT	0.260645
GACTTA	1.00292
GACTTC	0
GACTTG	0.277917
GACTTT	0.219687
GAGAAA	0
GAGAAC	0.216593
GAGAAG	0.471962
GAGAAT	0.165356
GAGACA	0.134896
GAGACC	0.910545
GAGACG	0.399431
GAGACT	0.798863
GAGAGA	0.694494
GAGAGC	0.134111
GAGAGG	0.544586
GAGAGT	0.228387
GAGATA	0.394311
GAGATC	0
GAGATG	0.185278
GAGATT	0
GAGCAA	0.596563
GAGCAC	1.02067
GAGCAG	1.3655
GAGCAT	0.64978
GAGCCA	0.979495
GAGCCC	2.21522
GAGCCG	0
GAGCCT	1.29956
GAGCGA	0.922683
GAGCGC	0.216593
GAGCGG	0.735206
GAGCGT	0.831247
GAGCTA	0.309626
GAGCTC	0
GAGCTG	0.280736
GAGCTT	0.194659
GAGGAA	0.228954
GAGGAC	0.162445
GAGGAG	0.619714
GAGGAT	0.957141
GAGGCA	0.381275
GAGGCC	0.751372
GAGGCG	0.237805
GAGGCT	1.1806
GAGGGA	0.392298
GAGGGC	0.280167
GAGGGG	0.258818
GAGGGT	1.0485
GAGGTA	0.320377
GAGGTC	0.150765
GAGGTG	0.221267
GAGGTT	0
GAGTAA	0.408267
GAGTAC	0.569559
GAGTAG	0.752191
GAGTAT	0
GAGTCA	0.284779
GAGTCC	0.583978
GAGTCG	0
GAGTCT	0.594004
GAGTGA	1.693
GAGTGC	0
GAGTGG	0.52876
GAGTGT	0.566064
GAGTTA	0
GAGTTC	0.408268
GAGTTG	0.260645
GAGTTT	0.195484
GATAAA	0
GATAAC	0
GATAAG	0
GATAAT	0.369073
GATACA	0.895808
GATACC	0.768904
GATACG	1.84537
GATACT	0.599146
GATAGA	0.496066
GATAGC	0.659061
GATAGG	0.384451
GATAGT	0.922686
GATATA	1.80919
GATATC	0
GATATG	0
GATATT	0
GATCAA	0.456774
GATCAC	0.662213
GATCAG	1.04062
GATCAT	1.2248
GATCCA	2.50126
GATCCC	1.45468
GATCCG	1.90637
GATCCT	2.51226
GATCGA	0
GATCGC	0
GATCGG	0
GATCGT	2.14578
GATCTA	0.569559
GATCTC	0.396003
GATCTG	0.201459
GATCTT	0
GATGAA	0.904591
GATGAC	0
GATGAG	0.226148
GATGAT	0.762549
GATGCA	1.82108
GATGCC	1.83489
GATGCG	0
GATGCT	1.0252
GATGGA	1.33722
GATGGC	0.240282
GATGGG	0.766349
GATGGT	0.887198
GATGTA	0
GATGTC	0.369073
GATGTG	0.545969
GATGTT	0.61105
GATTAA	0.381275
GATTAC	0.891482
GATTAG	0.480564
GATTAT	0
GATTCA	0.64978
GATTCC	0.439374
GATTCG	0
GATTCT	0.389318
GATTGA	0
GATTGC	0.688572
GATTGG	0
GATTGT	1.14382
GATTTA	0.299574
GATTTC	0.239038
GATTTG	0
GATTTT	0.165356
GCAAAA	0.744102
GCAAAC	1.52091
GCAAAG	0.645234
GCAAAT	0
GCAACA	2.17102
GCAACC	1.59084
GCAACG	1.33723
GCAACT	2.2689
GCAAGA	0.922685
GCAAGC	1.09323
GCAAGG	1.40333
GCAAGT	1.78584
GCAATA	0
GCAATC	0.823828
GCAATG	0
GCAATT	0
GCACAA	2.54729
GCACAC	1.62827
GCACAG	1.44993
GCACAT	1.37304
GCACCA	2.84999
GCACCC	5.17394
GCACCG	1.31063
GCACCT	5.38234
GCACGA	2.56302
GCACGC	1.94934
GCACGG	1.35689
GCACGT	2.66159
GCACTA	3.89867
GCACTC	1.60312
GCACTG	1.35689
GCACTT	2.86234
GCAGAA	0.966886
GCAGAC	1.44169
GCAGAG	1.48538
GCAGAT	1.39801
GCAGCA	2.71379
GCAGCC	2.99289
GCAGCG	0.701129
GCAGCT	1.70496
GCAGGA	1.42338
GCAGGC	1.92957
GCAGGG	0.988591
GCAGGT	1.75878
GCAGTA	0
GCAGTC	0.473172
GCAGTG	0.672791
GCAGTT	1.87877
GCATAA	3.69076
GCATAC	0.562613
GCATAG	0
GCATAT	6.31976
GCATCA	1.94934
GCATCC	0.854339
GCATCG	0
GCATCT	2.45158
GCATGA	1.68374
GCATGC	1.50438
GCATGG	1.13631
GCATGT	4.04097
GCATTA	1.2582
GCATTC	0.744102
GCATTG	0
GCATTT	0.901058
GCCAAA	0.553611
GCCAAC	0.827521
GCCAAG	0.39657
GCCAAT	0.32953
GCCACA	0.995702
GCCACC	0.478571
GCCACG	0.253484
GCCACT	2.08348
GCCAGA	0.929657
GCCAGC	0.447037
GCCAGG	0.723456
GCCAGT	1.09323
GCCATA	1.62827
GCCATC	0.461342
GCCATG	0.496068
GCCATT	0
GCCCAA	1.4164
GCCCAC	1.41951
GCCCAG	1.31343
GCCCAT	1.67326
GCCCCA	3.0919
GCCCCC	2.12363
GCCCCG	0.454077
GCCCCT	1.57936
GCCCGA	1.45994
GCCCGC	1.18903
GCCCGG	0.648473
GCCCGT	1.31812
GCCCTA	2.02048
GCCCTC	0.937688
GCCCTG	0.487089
GCCCTT	0.816536
GCCGAA	0.562613
GCCGAC	1.06056
GCCGAG	0.449359
GCCGAT	0
GCCGCA	1.49625
GCCGCC	1.26395
GCCGCG	0.159634
GCCGCT	0.547047
GCCGGA	0.259181
GCCGGC	0.580305
GCCGGG	0.348841
GCCGGT	0.404687
GCCGTA	0
GCCGTC	0
GCCGTG	0
GCCGTT	0.591465
GCCTAA	0.397709
GCCTAC	2.19688
GCCTAG	1.47237
GCCTAT	1.4882
GCCTCA	1.01767
GCCTCC	0.697378
GCCTCG	0.345575
GCCTCT	0.672791
GCCTGA	1.68039
GCCTGC	1.36441
GCCTGG	1.0521
GCCTGT	1.44492
GCCTTA	0.320377
GCCTTC	0.46956
GCCTTG	0.147866
GCCTTT	0.452296
GCGAAA	0
GCGAAC	2.76806
GCGAAG	0.390968
GCGAAT	0
GCGACA	0.693747
GCGACC	1.29349
GCGACG	0
GCGACT	0.744101
GCGAGA	1.55859
GCGAGC	0.663803
GCGAGG	0.354879
GCGAGT	0.50146
GCGATA	1.64765
GCGATC	0
GCGATG	0.583978
GCGATT	0.466003
GCGCAA	0
GCGCAC	1.47866
GCGCAG	0.49079
GCGCAT	1.03672
GCGCCA	1.11615
GCGCCC	2.1874
GCGCCG	0.878748
GCGCCT	1.92896
GCGCGA	1.79162
GCGCGC	1.32232
GCGCGG	0.967851
GCGCGT	0.456774
GCGCTA	0
GCGCTC	0.219687
GCGCTG	0.595281
GCGCTT	1.08979
GCGGAA	0
GCGGAC	0
GCGGAG	0.298604
GCGGAT	0.645234
GCGGCA	2.27823
GCGGCC	1.09843
GCGGCG	0.154813
GCGGCT	0.953187
GCGGGA	1.05752
GCGGGC	0.686862
GCGGGG	0.222512
GCGGGT	0.60703
GCGGTA	0.744101
GCGGTC	0.401166
GCGGTG	0.413761
GCGGTT	0.583978
GCGTAA	1.70868
GCGTAC	1.84537
GCGTAG	0
GCGTAT	0
GCGTCA	1.03672
GCGTCC	0.431161
GCGTCG	0
GCGTCT	1.29047
GCGTGA	0.800016
GCGTGC	1.5126
GCGTGG	0.647499
GCGTGT	2.29035
GCGTTA	0
GCGTTC	0.512605
GCGTTG	0.623436
GCGTTT	0.427168
GCTAAA	1.47629
GCTAAC	0
GCTAAG	0.627679
GCTAAT	0.709757
GCTACA	1.34371
GCTACC	2.00583
GCTACG	0.838804
GCTACT	1.22698
GCTAGA	0.862325
GCTAGC	1.6675
GCTAGG	1.09194
GCTAGT	0.615123
GCTATA	0
GCTATC	0.795418
GCTATG	0
GCTATT	1.29349
GCTCAA	2.00584
GCTCAC	2.11302
GCTCAG	1.9742
GCTCAT	1.80919
GCTCCA	4.50936
GCTCCC	5.40564
GCTCCG	0.873754
GCTCCT	5.20542
GCTCGA	2.12927
GCTCGC	1.23024
GCTCGG	2.21799
GCTCGT	2.95732
GCTCTA	1.10722
GCTCTC	1.31812
GCTCTG	0.941516
GCTCTT	1.46716
GCTGAA	1.29956
GCTGAC	1.53052
GCTGAG	0.629512
GCTGAT	1.82108
GCTGCA	1.95658
GCTGCC	1.74691
GCTGCG	1.26829
GCTGCT	2.18853
GCTGGA	1.70868
GCTGGC	1.40714
GCTGGG	0.842208
GCTGGT	1.31812
GCTGTA	0.615122
GCTGTC	0.701663
GCTGTG	1.39476
GCTGTT	1.80919
GCTTAA	1.36694
GCTTAC	3.32499
GCTTAG	2.97641
GCTTAT	2.00583
GCTTCA	2.14578
GCTTCC	2.69004
GCTTCG	0.415624
GCTTCT	1.85066
GCTTGA	0.895812
GCTTGC	2.38252
GCTTGG	1.53316
GCTTGT	3.3593
GCTTTA	0
GCTTTC	0.346874
GCTTTG	0.784596
GCTTTT	0.432508
GGAAAA	0.642027
GGAAAC	0.524253
GGAAAG	1.3819
GGAAAT	0.547047
GGAACA	0.186025
GGAACC	0.655938
GGAACG	0
GGAACT	0.236586
GGAAGA	0.452297
GGAAGC	0.599146
GGAAGG	0
GGAAGT	0.820165
GGAATA	0
GGAATC	0
GGAATG	0.472364
GGAATT	0
GGACAA	1.5126
GGACAC	0.935153
GGACAG	1.24994
GGACAT	2.11072
GGACCA	3.41736
GGACCC	3.05019
GGACCG	2.77499
GGACCT	2.89545
GGACGA	2.9358
GGACGC	0.946343
GGACGG	0.904591
GGACGT	0.435228
GGACTA	0.720847
GGACTC	0.756299
GGACTG	1.08007
GGACTT	0.402919
GGAGAA	0.635708
GGAGAC	0.531808
GGAGAG	0.362691
GGAGAT	0.560335
GGAGCA	0.875176
GGAGCC	1.41227
GGAGCG	0.318168
GGAGCT	0.747545
GGAGGA	1.2563
GGAGGC	0.579309
GGAGGG	0.844221
GGAGGT	1.00535
GGAGTA	1.13445
GGAGTC	0.536446
GGAGTG	0.351276
GGAGTT	0.647499
GGATAA	1.40868
GGATAC	1.19829
GGATAG	1.74091
GGATAT	0.506969
GGATCA	0.662213
GGATCC	0.98158
GGATCG	1.87031
GGATCT	1.4882
GGATGA	1.39098
GGATGC	1.22481
GGATGG	1.51939
GGATGT	1.56387
GGATTA	0.384452
GGATTC	0.681787
GGATTG	0
GGATTT	0.182349
GGCAAA	0.567224
GGCAAC	0
GGCAAG	0.170868
GGCAAT	0.346874
GGCACA	0.16595
GGCACC	0.613079
GGCACG	0.5042
GGCACT	0.591464
GGCAGA	0.595281
GGCAGC	0.550153
GGCAGG	0.226426
GGCAGT	0.496067
GGCATA	0.485626
GGCATC	0.225045
GGCATG	0.205041
GGCATT	0.241541
GGCCAA	0.714152
GGCCAC	0.795418
GGCCAG	0.395437
GGCCAT	1.27443
GGCCCA	1.30481
GGCCCC	1.08127
GGCCCG	0.972711
GGCCCT	1.52763
GGCCGA	1.47461
GGCCGC	0.4252
GGCCGG	0.495002
GGCCGT	1.18293
GGCCTA	0.311718
GGCCTC	0.244528
GGCCTG	0.678445
GGCCTT	0.703266
GGCGAA	1.0485
GGCGAC	0.859645
GGCGAG	0.208753
GGCGAT	0.781936
GGCGCA	0.623435
GGCGCC	0.858883
GGCGCG	0.277082
GGCGCT	2.11449
GGCGGA	0.159084
GGCGGC	0.477581
GGCGGG	0.423806
GGCGGT	0.898721
GGCGTA	1.21406
GGCGTC	0.555835
GGCGTG	0.285661
GGCGTT	0
GGCTAA	0.42717
GGCTAC	0
GGCTAG	0
GGCTAT	2.27823
GGCTCA	0.373557
GGCTCC	0.435228
GGCTCG	0
GGCTCT	0.338393
GGCTGA	0.939385
GGCTGC	0.533785
GGCTGG	0.41469
GGCTGT	1.09518
GGCTTA	0.699006
GGCTTC	0.136492
GGCTTG	0.140226
GGCTTT	0.152258
GGGAAA	0.213091
GGGAAC	0.168373
GGGAAG	0.286548
GGGAAT	0.172787
GGGACA	0.521291
GGGACC	0.902066
GGGACG	0.227262
GGGACT	0.279601
GGGAGA	0.463661
GGGAGC	0
GGGAGG	0.382222
GGGAGT	0.462885
GGGATA	0
GGGATC	0
GGGATG	0.138541
GGGATT	0
GGGCAA	0.937687
GGGCAC	1.02847
GGGCAG	0.545609
GGGCAT	0.835011
GGGCCA	0.9567
GGGCCC	1.75511
GGGCCG	1.07012
GGGCCT	2.02683
GGGCGA	0.702551
GGGCGC	1.08043
GGGCGG	0.203833
GGGCGT	1.2756
GGGCTA	0.327193
GGGCTC	0.264632
GGGCTG	0.667644
GGGCTT	1.08871
GGGGAA	0.6378
GGGGAC	0.358557
GGGGAG	0.23842
GGGGAT	0
GGGGCA	0.525447
GGGGCC	0.848623
GGGGCG	0.167456
GGGGCT	0.901379
GGGGGA	0.684194
GGGGGC	0.145764
GGGGGG	0.35217
GGGGGT	0.468369
GGGGTA	0.276252
GGGGTC	0.265139
GGGGTG	0.340474
GGGGTT	0.557514
GGGTAA	0.788622
GGGTAC	0.415624
GGGTAG	1.77439
GGGTAT	0.615123
GGGTCA	0.353519
GGGTCC	0.366145
GGGTCG	0
GGGTCT	0.623435
GGGTGA	0.992134
GGGTGC	0.748932
GGGTGG	0.536445
GGGTGT	1.04455
GGGTTA	0
GGGTTC	0
GGGTTG	0.209701
GGGTTT	0.298604
GGTAAA	0.327193
GGTAAC	0.466003
GGTAAG	0.64978
GGTAAT	1.07289
GGTACA	0.404687
GGTACC	0.913549
GGTACG	0.961131
GGTACT	0.506969
GGTAGA	0.331902
GGTAGC	1.2248
GGTAGG	0.408268
GGTAGT	0
GGTATA	0.98158
GGTATC	0
GGTATG	0
GGTATT	0
GGTCAA	1.89075
GGTCAC	1.89075
GGTCAG	1.33196
GGTCAT	1.2221
GGTCCA	2.29628
GGTCCC	3.7951
GGTCCG	1.13445
GGTCCT	3.11223
GGTCGA	0
GGTCGC	2.19687
GGTCGG	0.369073
GGTCGT	1.79744
GGTCTA	1.39801
GGTCTC	0.416876
GGTCTG	0.335522
GGTCTT	1.23353
GGTGAA	0.911745
GGTGAC	0.823825
GGTGAG	0.367116
GGTGAT	1.61875
GGTGCA	1.64033
GGTGCC	1.54929
GGTGCG	0.240282
GGTGCT	1.86401
GGTGGA	0.693749
GGTGGC	0.937265
GGTGGG	0.677448
GGTGGT	1.95484
GGTGTA	1.23025
GGTGTC	0.221799
GGTGTG	0.571322
GGTGTT	1.27443
GGTTAA	1.43052
GGTTAC	0.536445
GGTTAG	0.461344
GGTTAT	2.15581
GGTTCA	0.609703
GGTTCC	0.56491
GGTTCG	0
GGTTCT	0.936735
GGTTGA	2.11625
GGTTGC	0.69549
GGTTGG	0.373557
GGTTGT	0.73229
GGTTTA	0.354878
GGTTTC	0.174751
GGTTTG	0.404687
GGTTTT	0.518362
GTAAAA	0.878748
GTAAAC	1.08127
GTAAAG	0.631976
GTAAAT	0.555835
GTAACA	1.83072
GTAACC	1.52091
GTAACG	0
GTAACT	3.29529
GTAAGA	0.846501
GTAAGC	1.98426
GTAAGG	0.738146
GTAAGT	2.56301
GTAATA	1.57275
GTAATC	0.205956
GTAATG	0
GTAATT	0.262127
GTACAA	3.0466
GTACAC	0.846501
GTACAG	1.07289
GTACAT	3.20377
GTACCA	5.06969
GTACCC	4.85624
GTACCG	2.36586
GTACCT	5.93807
GTACGA	1.35689
GTACGC	0
GTACGG	3.07562
GTACGT	4.98748
GTACTA	0.756299
GTACTC	1.84537
GTACTG	1.38403
GTACTT	3.77461
GTAGAA	2.25045
GTAGAC	3.07562
GTAGAG	0.207812
GTAGAT	1.53781
GTAGCA	1.14382
GTAGCC	3.16608
GTAGCG	3.64218
GTAGCT	2.91654
GTAGGA	0.898721
GTAGGC	1.47629
GTAGGG	1.46458
GTAGGT	2.097
GTAGTA	0
GTAGTC	0.404687
GTAGTG	1.92226
GTAGTT	0.427168
GTATAA	1.24687
GTATAC	1.35689
GTATAG	4.19402
GTATAT	1.12523
GTATCA	1.75193
GTATCC	2.71378
GTATCG	0
GTATCT	2.99018
GTATGA	4.44667
GTATGC	1.23025
GTATGG	3.48183
GTATGT	2.97639
GTATTA	1.11167
GTATTC	0
GTATTG	0
GTATTT	0.642986
GTCAAA	0.334306
GTCAAC	1.16796
GTCAAG	0
GTCAAT	0.524251
GTCACA	1.50438
GTCACC	0.781935
GTCACG	0
GTCACT	1.15336
GTCAGA	0.702551
GTCAGC	0.655938
GTCAGG	0.657183
GTCAGT	1.25536
GTCATA	0
GTCATC	1.15335
GTCATG	0
GTCATT	0.309626
GTCCAA	2.24264
GTCCAC	1.32443
GTCCAG	0.930663
GTCCAT	1.10722
GTCCCA	3.04661
GTCCCC	1.81631
GTCCCG	0.675135
GTCCCT	3.14266
GTCCGA	1.09843
GTCCGC	1.10722
GTCCGG	0.599147
GTCCGT	1.75193
GTCCTA	0.397709
GTCCTC	1.41227
GTCCTG	1.06737
GTCCTT	0.411912
GTCGAA	0
GTCGAC	1.18293
GTCGAG	0.854337
GTCGAT	0
GTCGCA	0
GTCGCC	1.61308
GTCGCG	0.649778
GTCGCT	1.70868
GTCGGA	0
GTCGGC	0
GTCGGG	0.688572
GTCGGT	1.70867
GTCGTA	0
GTCGTC	0
GTCGTG	0
GTCGTT	1.33723
GTCTAA	2.33591
GTCTAC	0.640754
GTCTAG	1.84538
GTCTAT	0.678445
GTCTCA	0.765712
GTCTCC	1.3219
GTCTCG	0.781935
GTCTCT	0.50977
GTCTGA	1.1769
GTCTGC	1.01767
GTCTGG	1.7575
GTCTGT	1.75935
GTCTTA	0.951224
GTCTTC	0
GTCTTG	0
GTCTTT	0.42717
GTGAAA	0.601098
GTGAAC	1.30877
GTGAAG	0.410082
GTGAAT	0.344286
GTGACA	1.14762
GTGACC	1.78124
GTGACG	0
GTGACT	0.256301
GTGAGA	1.1729
GTGAGC	0.56676
GTGAGG	0.676455
GTGAGT	0.456774
GTGATA	1.13912
GTGATC	0.992136
GTGATG	0.515468
GTGATT	0
GTGCAA	1.27443
GTGCAC	2.03909
GTGCAG	1.56184
GTGCAT	1.99141
GTGCCA	2.02788
GTGCCC	2.18202
GTGCCG	0.688572
GTGCCT	2.10339
GTGCGA	1.64765
GTGCGC	1.59083
GTGCGG	1.65751
GTGCGT	2.09702
GTGCTA	2.19688
GTGCTC	0.6378
GTGCTG	0.690043
GTGCTT	0.827521
GTGGAA	0.631976
GTGGAC	0.50146
GTGGAG	0.862323
GTGGAT	0.509771
GTGGCA	0.800941
GTGGCC	2.02788
GTGGCG	0.421317
GTGGCT	1.92226
GTGGGA	0.630536
GTGGGC	1.31437
GTGGGG	0.644733
GTGGGT	0.894076
GTGGTA	0
GTGGTC	0.559202
GTGGTG	0.133722
GTGGTT	0.768904
GTGTAA	1.41227
GTGTAC	2.37806
GTGTAG	2.02788
GTGTAT	0.738146
GTGTCA	0.542755
GTGTCC	0.823827
GTGTCG	1.18293
GTGTCT	1.23259
GTGTGA	2.5395
GTGTGC	2.77499
GTGTGG	0.873204
GTGTGT	2.45201
GTGTTA	1.42684
GTGTTC	0.254886
GTGTTG	0.25073
GTGTTT	0.167761
GTTAAA	1.73624
GTTAAC	0.823828
GTTAAG	0.42325
GTTAAT	1.28151
GTTACA	1.693
GTTACC	2.30671
GTTACG	1.35689
GTTACT	1.08979
GTTAGA	1.00292
GTTAGC	2.40282
GTTAGG	0.788622
GTTAGT	0.569559
GTTATA	1.18293
GTTATC	0.549217
GTTATG	0.536445
GTTATT	0.299574
GTTCAA	2.62127
GTTCAC	3.09626
GTTCAG	2.11625
GTTCAT	3.0006
GTTCCA	4.14026
GTTCCC	3.91546
GTTCCG	1.15336
GTTCCT	6.30894
GTTCGA	0.599146
GTTCGC	3.35522
GTTCGG	1.21406
GTTCGT	3.74061
GTTCTA	2.28387
GTTCTC	1.84537
GTTCTG	2.29714
GTTCTT	1.98664
GTTGAA	1.83072
GTTGAC	1.74091
GTTGAG	1.84537
GTTGAT	1.55509
GTTGCA	1.75511
GTTGCC	3.07561
GTTGCG	1.64765
GTTGCT	2.35914
GTTGGA	0.777544
GTTGGC	1.68198
GTTGGG	1.18728
GTTGGT	2.06572
GTTGTA	0
GTTGTC	0
GTTGTG	0.659059
GTTGTT	0.603062
GTTTAA	3.01379
GTTTAC	1.95721
GTTTAG	1.5378
GTTTAT	1.5126
GTTTCA	1.53781
GTTTCC	2.21952
GTTTCG	0
GTTTCT	0.867729
GTTTGA	2.39659
GTTTGC	2.00584
GTTTGG	1.69473
GTTTGT	2.40861
GTTTTA	0.574284
GTTTTC	0.601098
GTTTTG	0.330711
GTTTTT	0.3866
TAAAAA	0.347527
TAAAAC	0.604378
TAAAAG	0.680948
TAAAAT	0.280451
TAAACA	1.46458
TAAACC	2.8834
TAAACG	0.720848
TAAACT	0.804666
TAAAGA	0.604378
TAAAGC	0.583978
TAAAGG	0.92732
TAAAGT	0.262127
TAAATA	0.967851
TAAATC	0
TAAATG	0.214578
TAAATT	0.753213
TAACAA	2.25046
TAACAC	1.63307
TAACAG	1.0545
TAACAT	1.7575
TAACCA	1.92225
TAACCC	4.57821
TAACCG	2.25045
TAACCT	2.29035
TAACGA	1.44169
TAACGC	5.95281
TAACGG	2.49374
TAACGT	3.69074
TAACTA	2.25045
TAACTC	1.18293
TAACTG	0.89292
TAACTT	0.659059
TAAGAA	1.87755
TAAGAC	0.480564
TAAGAG	0.281307
TAAGAT	0.895808
TAAGCA	0.668612
TAAGCC	3.5488
TAAGCG	0
TAAGCT	0.744102
TAAGGA	0.854336
TAAGGC	1.08127
TAAGGG	0.307561
TAAGGT	0.427168
TAAGTA	0
TAAGTC	0.456774
TAAGTG	0.619253
TAAGTT	0
TAATAA	2.28387
TAATAC	1.19829
TAATAG	0.435228
TAATAT	0.668612
TAATCA	0.715261
TAATCC	1.01394
TAATCG	0
TAATCT	0.32489
TAATGA	2.4442
TAATGC	2.42812
TAATGG	0
TAATGT	1.5126
TAATTA	0.443599
TAATTC	0
TAATTG	0.315988
TAATTT	0.247369
TACAAA	0.333099
TACAAC	0
TACAAG	0.32489
TACAAT	0
TACACA	0.2521
TACACC	0
TACACG	0
TACACT	1.30569
TACAGA	0.932006
TACAGC	0.311718
TACAGG	0
TACAGT	0
TACATA	0.443599
TACATC	0
TACATG	0
TACATT	0.887198
TACCAA	0.42325
TACCAC	1.31813
TACCAG	0.59528
TACCAT	0.480564
TACCCA	2.06572
TACCCC	1.71777
TACCCG	1.41952
TACCCT	1.90637
TACCGA	0
TACCGC	0
TACCGG	0.809372
TACCGT	0
TACCTA	0
TACCTC	0.750149
TACCTG	0.870457
TACCTT	0
TACGAA	0
TACGAC	0
TACGAG	0
TACGAT	0
TACGCA	1.02521
TACGCC	1.15336
TACGCG	1.92226
TACGCT	0
TACGGA	0
TACGGC	1.00292
TACGGG	0
TACGGT	1.24687
TACGTA	1.24687
TACGTC	1.53781
TACGTG	0
TACGTT	1.00292
TACTAA	0.591465
TACTAC	1.89593
TACTAG	0.623436
TACTAT	0.992131
TACTCA	0
TACTCC	0
TACTCG	0.709758
TACTCT	1.97155
TACTGA	0.709756
TACTGC	1.03286
TACTGG	0.336747
TACTGT	0.70434
TACTTA	0.932006
TACTTC	0.73229
TACTTG	0.580306
TACTTT	1.2077
TAGAAA	0.183072
TAGAAC	0
TAGAAG	0.315988
TAGAAT	0
TAGACA	1.04851
TAGACC	1.77439
TAGACG	0
TAGACT	2.5073
TAGAGA	0.184537
TAGAGC	0.35763
TAGAGG	1.18293
TAGAGT	0.415624
TAGATA	0
TAGATC	0
TAGATG	0.932006
TAGATT	0.384451
TAGCAA	1.2582
TAGCAC	1.34371
TAGCAG	1.59084
TAGCAT	0.53028
TAGCCA	0.599147
TAGCCC	2.21444
TAGCCG	0.524251
TAGCCT	0.339223
TAGCGA	1.7744
TAGCGC	2.30671
TAGCGG	0.720848
TAGCGT	1.02521
TAGCTA	0.591465
TAGCTC	0.344286
TAGCTG	1.30745
TAGCTT	0.846501
TAGGAA	0.216593
TAGGAC	0.42325
TAGGAG	0.891482
TAGGAT	0
TAGGCA	0.366145
TAGGCC	0
TAGGCG	0
TAGGCT	0.339223
TAGGGA	0.431161
TAGGGC	1.25536
TAGGGG	0.512602
TAGGGT	1.12522
TAGGTA	0
TAGGTC	0
TAGGTG	0.290153
TAGGTT	0.887198
TAGTAA	1.63307
TAGTAC	1.00292
TAGTAG	0
TAGTAT	0
TAGTCA	0
TAGTCC	1.33722
TAGTCG	0
TAGTCT	0
TAGTGA	0.802332
TAGTGC	1.01394
TAGTGG	2.61137
TAGTGT	1.41227
TAGTTA	0
TAGTTC	0.591465
TAGTTG	0.461344
TAGTTT	0
TATAAA	0
TATAAC	2.19687
TATAAG	0
TATAAT	0.341734
TATACA	0.951224
TATACC	0.809372
TATACG	1.64765
TATACT	0.649778
TATAGA	0
TATAGC	0.941516
TATAGG	1.26395
TATAGT	0.756299
TATATA	0.233001
TATATC	0
TATATG	0.583978
TATATT	0
TATCAA	1.62827
TATCAC	1.9425
TATCAG	0.951224
TATCAT	2.81306
TATCCA	5.26093
TATCCC	5.25104
TATCCG	1.07289
TATCCT	4.7725
TATCGA	0
TATCGC	0
TATCGG	0
TATCGT	2.79601
TATCTA	2.02788
TATCTC	0.341734
TATCTG	1.28151
TATCTT	1.23024
TATGAA	0.768902
TATGAC	0
TATGAG	0.496066
TATGAT	0.542756
TATGCA	3.87683
TATGCC	0
TATGCG	0
TATGCT	0.49079
TATGGA	0.427168
TATGGC	2.19687
TATGGG	1.60933
TATGGT	3.12774
TATGTA	0.870457
TATGTC	0
TATGTG	0
TATGTT	2.41
TATTAA	1.64765
TATTAC	2.11625
TATTAG	0.536445
TATTAT	2.29239
TATTCA	1.34699
TATTCC	1.15335
TATTCG	1.44169
TATTCT	1.38959
TATTGA	1.59084
TATTGC	1.70868
TATTGG	1.45688
TATTGT	2.09702
TATTTA	0.312775
TATTTC	0.452296
TATTTG	1.11977
TATTTT	0.621038
TCAAAA	1.03839
TCAAAC	0.764657
TCAAAG	1.0779
TCAAAT	0.242812
TCAACA	1.9357
TCAACC	1.09843
TCAACG	1.18293
TCAACT	1.4882
TCAAGA	0.720847
TCAAGC	1.87347
TCAAGG	2.39376
TCAAGT	0.849097
TCAATA	1.693
TCAATC	0.435228
TCAATG	0.895808
TCAATT	0.313839
TCACAA	3.12019
TCACAC	2.48763
TCACAG	3.52617
TCACAT	2.30671
TCACCA	6.3221
TCACCC	5.04593
TCACCG	2.22717
TCACCT	5.80305
TCACGA	3.98691
TCACGC	2.67876
TCACGG	2.25045
TCACGT	1.4882
TCACTA	1.90245
TCACTC	1.15336
TCACTG	1.87538
TCACTT	1.92226
TCAGAA	2.22334
TCAGAC	0.518362
TCAGAG	0.851708
TCAGAT	1.25365
TCAGCA	3.30656
TCAGCC	2.97641
TCAGCG	0
TCAGCT	1.76309
TCAGGA	1.85849
TCAGGC	2.25045
TCAGGG	1.35327
TCAGGT	0.387683
TCAGTA	0.339223
TCAGTC	0.281307
TCAGTG	0.350831
TCAGTT	0.846501
TCATAA	2.56301
TCATAC	4.54845
TCATAG	2.097
TCATAT	1.24687
TCATCA	2.6279
TCATCC	1.28747
TCATCG	0
TCATCT	2.71378
TCATGA	2.54284
TCATGC	1.63597
TCATGG	0.843921
TCATGT	3.54878
TCATTA	0.307561
TCATTC	0.200584
TCATTG	0.59528
TCATTT	0.751373
TCCAAA	1.10596
TCCAAC	0.493414
TCCAAG	0.318168
TCCAAT	0.750149
TCCACA	0.331901
TCCACC	0.579576
TCCACG	0.290153
TCCACT	0.649778
TCCAGA	0.897054
TCCAGC	0.292452
TCCAGG	0.455272
TCCAGT	0.370556
TCCATA	0
TCCATC	0.542756
TCCATG	0.429156
TCCATT	0
TCCCAA	1.40511
TCCCAC	1.45217
TCCCAG	1.5526
TCCCAT	1.26643
TCCCCA	3.22402
TCCCCC	2.88339
TCCCCG	0.89457
TCCCCT	2.16254
TCCCGA	3.33192
TCCCGC	1.35689
TCCCGG	0.726524
TCCCGT	0
TCCCTA	1.25252
TCCCTC	1.12132
TCCCTG	0.476313
TCCCTT	0.936737
TCCGAA	0.456774
TCCGAC	0
TCCGAG	1.1184
TCCGAT	0
TCCGCA	1.84536
TCCGCC	1.50765
TCCGCG	0
TCCGCT	0.673495
TCCGGA	0.967851
TCCGGC	0.748123
TCCGGG	0
TCCGGT	0.569559
TCCGTA	0
TCCGTC	0
TCCGTG	0.533344
TCCGTT	0
TCCTAA	1.0545
TCCTAC	2.71378
TCCTAG	0.655938
TCCTAT	0.878751
TCCTCA	0.583978
TCCTCC	1.20289
TCCTCG	0.518362
TCCTCT	1.04851
TCCTGA	1.35689
TCCTGC	0.838804
TCCTGG	0.90733
TCCTGT	2.35379
TCCTTA	0.47561
TCCTTC	0.70434
TCCTTG	0.307562
TCCTTT	0.330317
TCGAAA	0
TCGAAC	0
TCGAAG	0.569559
TCGAAT	0
TCGACA	0
TCGACC	1.59084
TCGACG	0
TCGACT	1.28151
TCGAGA	1.34371
TCGAGC	0
TCGAGG	0.387683
TCGAGT	0
TCGATA	0
TCGATC	0
TCGATG	0
TCGATT	0
TCGCAA	1.07289
TCGCAC	1.60933
TCGCAG	2.30671
TCGCAT	0
TCGCCA	2.13584
TCGCCC	2.59911
TCGCCG	0.496066
TCGCCT	1.92226
TCGCGA	3.74061
TCGCGC	1.2248
TCGCGG	2.40282
TCGCGT	1.00292
TCGCTA	0
TCGCTC	0
TCGCTG	0.935153
TCGCTT	1.74751
TCGGAA	0
TCGGAC	0
TCGGAG	0.327193
TCGGAT	0
TCGGCA	3.37568
TCGGCC	0.623435
TCGGCG	0.542756
TCGGCT	1.1184
TCGGGA	0.777544
TCGGGC	0.988589
TCGGGG	0.468367
TCGGGT	1.79744
TCGGTA	0
TCGGTC	0.756299
TCGGTG	0
TCGGTT	0
TCGTAA	0
TCGTAC	0
TCGTAG	2.56301
TCGTAT	0
TCGTCA	0.854337
TCGTCC	2.19688
TCGTCG	1.39801
TCGTCT	1.16796
TCGTGA	0.569559
TCGTGC	2.19687
TCGTGG	0
TCGTGT	0.809372
TCGTTA	0
TCGTTC	0
TCGTTG	0
TCGTTT	0.485626
TCTAAA	0.8504
TCTAAC	0
TCTAAG	0.64978
TCTAAT	0
TCTACA	1.909
TCTACC	2.00584
TCTACG	0
TCTACT	1.46458
TCTAGA	0.35217
TCTAGC	1.55073
TCTAGG	1.11167
TCTAGT	1.30569
TCTATA	0.583978
TCTATC	0.922689
TCTATG	0
TCTATT	0.898721
TCTCAA	3.07561
TCTCAC	4.30588
TCTCAG	2.58455
TCTCAT	2.86845
TCTCCA	6.17215
TCTCCC	5.33209
TCTCCG	2.16254
TCTCCT	5.11686
TCTCGA	4.22896
TCTCGC	4.6444
TCTCGG	2.46348
TCTCGT	3.50387
TCTCTA	1.60312
TCTCTC	1.32687
TCTCTG	2.61137
TCTCTT	1.67996
TCTGAA	0.806542
TCTGAC	1.2756
TCTGAG	0.784151
TCTGAT	1.34896
TCTGCA	2.25045
TCTGCC	2.06711
TCTGCG	0.720847
TCTGCT	2.5099
TCTGGA	2.2408
TCTGGC	1.01954
TCTGGG	1.6728
TCTGGT	2.36586
TCTGTA	0.456774
TCTGTC	0.52876
TCTGTG	0.941515
TCTGTT	0.766349
TCTTAA	2.75429
TCTTAC	0.709756
TCTTAG	2.39214
TCTTAT	1.18293
TCTTCA	1.74092
TCTTCC	1.73514
TCTTCG	0.941513
TCTTCT	3.89446
TCTTGA	3.69074
TCTTGC	2.11625
TCTTGG	2.04392
TCTTGT	1.68198
TCTTTA	0.220738
TCTTTC	0.591465
TCTTTG	0.473982
TCTTTT	0.889335
TGAAAA	0.379185
TGAAAC	0.184537
TGAAAG	0.506971
TGAAAT	0.90756
TGAACA	1.7647
TGAACC	1.1729
TGAACG	0
TGAACT	0.21558
TGAAGA	1.0344
TGAAGC	1.54516
TGAAGG	0.147394
TGAAGT	0.643734
TGAATA	0.318167
TGAATC	0.295733
TGAATG	0.634876
TGAATT	0.932006
TGACAA	2.07345
TGACAC	1.16796
TGACAG	0.709758
TGACAT	1.32761
TGACCA	3.14003
TGACCC	3.54879
TGACCG	0.496066
TGACCT	1.70342
TGACGA	2.05041
TGACGC	0.583978
TGACGG	1.89593
TGACGT	3.76606
TGACTA	1.45688
TGACTC	0.773201
TGACTG	1.45468
TGACTT	0.736185
TGAGAA	1.04455
TGAGAC	0.536446
TGAGAG	0.315988
TGAGAT	0.961129
TGAGCA	1.53213
TGAGCC	1.9742
TGAGCG	0.645234
TGAGCT	0.815092
TGAGGA	1.19441
TGAGGC	0.461342
TGAGGG	0.344285
TGAGGT	0.328357
TGAGTA	0.349503
TGAGTC	0
TGAGTG	0.381275
TGAGTT	0.533344
TGATAA	0.688572
TGATAC	4.61343
TGATAG	1.86401
TGATAT	1.16796
TGATCA	2.09702
TGATCC	1.08296
TGATCG	0
TGATCT	1.53781
TGATGA	2.37262
TGATGC	1.46458
TGATGG	1.55509
TGATGT	1.64765
TGATTA	0.372051
TGATTC	0.545969
TGATTG	1.5003
TGATTT	0.949266
TGCAAA	0.326037
TGCAAC	0.466003
TGCAAG	0.209701
TGCAAT	0
TGCACA	0.571912
TGCACC	0.571912
TGCACG	0.816534
TGCACT	1.82545
TGCAGA	0.800016
TGCAGC	0.109583
TGCAGG	0.395154
TGCAGT	0.471962
TGCATA	0.381275
TGCATC	0.603062
TGCATG	0.562614
TGCATT	0.406469
TGCCAA	2.51994
TGCCAC	0.97811
TGCCAG	1.54148
TGCCAT	1.15335
TGCCCA	2.09142
TGCCCC	3.10146
TGCCCG	1.30218
TGCCCT	2.092
TGCCGA	1.29956
TGCCGC	1.23353
TGCCGG	0.473172
TGCCGT	0
TGCCTA	0.928879
TGCCTC	0.780284
TGCCTG	1.15336
TGCCTT	1.68942
TGCGAA	0
TGCGAC	0
TGCGAG	0
TGCGAT	0
TGCGCA	1.24687
TGCGCC	0.401168
TGCGCG	0
TGCGCT	1.47629
TGCGGA	0.309626
TGCGGC	0.485623
TGCGGG	0.182349
TGCGGT	0.49079
TGCGTA	1.59084
TGCGTC	0.390968
TGCGTG	0
TGCGTT	0
TGCTAA	1.99141
TGCTAC	0.941513
TGCTAG	1.03286
TGCTAT	0
TGCTCA	0.663801
TGCTCC	0.354879
TGCTCG	0.542756
TGCTCT	0.637213
TGCTGA	0.954503
TGCTGC	1.02978
TGCTGG	1.26395
TGCTGT	1.73003
TGCTTA	0.870459
TGCTTC	0.169611
TGCTTG	1.0073
TGCTTT	1.10722
TGGAAA	0.101394
TGGAAC	0
TGGAAG	0.117092
TGGAAT	0.350831
TGGACA	0.701663
TGGACC	0.887198
TGGACG	0
TGGACT	0.42717
TGGAGA	0.530279
TGGAGC	0.114194
TGGAGG	0.0815093
TGGAGT	0.411913
TGGATA	1.13445
TGGATC	0
TGGATG	0
TGGATT	0
TGGCAA	1.16305
TGGCAC	1.72787
TGGCAG	0.889335
TGGCAT	0.870457
TGGCCA	1.58719
TGGCCC	1.26975
TGGCCG	1.06464
TGGCCT	1.77867
TGGCGA	0.452298
TGGCGC	0.831247
TGGCGG	0.949266
TGGCGT	3.23749
TGGCTA	0.295733
TGGCTC	0.396002
TGGCTG	0.372802
TGGCTT	0.987584
TGGGAA	0.575479
TGGGAC	0.428491
TGGGAG	0.468708
TGGGAT	0.355791
TGGGCA	0.880844
TGGGCC	0.854338
TGGGCG	0.464438
TGGGCT	0.963361
TGGGGA	0.625549
TGGGGC	0.577882
TGGGGG	0.506175
TGGGGT	0.492098
TGGGTA	0
TGGGTC	0.184537
TGGGTG	0.363262
TGGGTT	0
TGGTAA	0
TGGTAC	1.28151
TGGTAG	1.12522
TGGTAT	1.57275
TGGTCA	0.461342
TGGTCC	0.213585
TGGTCG	0.668613
TGGTCT	0.336746
TGGTGA	1.30415
TGGTGC	1.30745
TGGTGG	0.943924
TGGTGT	0.692014
TGGTTA	0.384451
TGGTTC	0.254886
TGGTTG	0
TGGTTT	0.536446
TGTAAA	0.701663
TGTAAC	0.447904
TGTAAG	0.375075
TGTAAT	0.447905
TGTACA	0.756301
TGTACC	0.401166
TGTACG	1.09843
TGTACT	2.58351
TGTAGA	1.09843
TGTAGC	1.5003
TGTAGG	0
TGTAGT	0.9545
TGTATA	2.02788
TGTATC	0.456774
TGTATG	0
TGTATT	0.187537
TGTCAA	1.70867
TGTCAC	1.87347
TGTCAG	1.0779
TGTCAT	3.16953
TGTCCA	4.01167
TGTCCC	7.17939
TGTCCG	2.05957
TGTCCT	4.87131
TGTCGA	0
TGTCGC	1.84536
TGTCGG	1.16796
TGTCGT	0.809372
TGTCTA	1.57724
TGTCTC	0.674478
TGTCTG	0.949822
TGTCTT	2.54283
TGTGAA	0.820165
TGTGAC	0.225045
TGTGAG	0.854339
TGTGAT	0.833752
TGTGCA	0.720847
TGTGCC	1.63702
TGTGCG	1.37714
TGTGCT	1.92226
TGTGGA	1.58476
TGTGGC	1.60934
TGTGGG	0.70434
TGTGGT	1.7575
TGTGTA	1.09843
TGTGTC	0
TGTGTG	0.453779
TGTGTT	1.3619
TGTTAA	1.82452
TGTTAC	1.5378
TGTTAG	1.5251
TGTTAT	1.65951
TGTTCA	0.744102
TGTTCC	1.53781
TGTTCG	0
TGTTCT	1.32352
TGTTGA	1.37304
TGTTGC	2.96048
TGTTGG	1.45305
TGTTGT	1.8667
TGTTTA	1.00292
TGTTTC	0.147866
TGTTTG	0.60703
TGTTTT	0.671392
TTAAAA	1.00292
TTAAAC	0.956151
TTAAAG	0.870458
TTAAAT	0.768905
TTAACA	2.49374
TTAACC	2.59912
TTAACG	1.80919
TTAACT	2.414
TTAAGA	1.04851
TTAAGC	1.24687
TTAAGG	1.32761
TTAAGT	0.854336
TTAATA	0.49079
TTAATC	0.32489
TTAATG	0.566064
TTAATT	0.363262
TTACAA	2.03533
TTACAC	1.08127
TTACAG	1.27796
TTACAT	1.15335
TTACCA	3.99589
TTACCC	5.67226
TTACCG	0
TTACCT	4.39374
TTACGA	4.46461
TTACGC	1.53781
TTACGG	0.795418
TTACGT	1.84537
TTACTA	2.61137
TTACTC	0.369073
TTACTG	2.0168
TTACTT	1.59084
TTAGAA	0.904591
TTAGAC	0.555834
TTAGAG	0.804666
TTAGAT	1.693
TTAGCA	1.41951
TTAGCC	3.9771
TTAGCG	2.00584
TTAGCT	1.79411
TTAGGA	1.80414
TTAGGC	1.19313
TTAGGG	2.04392
TTAGGT	2.00583
TTAGTA	1.36492
TTAGTC	1.96316
TTAGTG	0.726526
TTAGTT	1.04062
TTATAA	1.87755
TTATAC	0.659061
TTATAG	1.37032
TTATAT	2.49374
TTATCA	1.61875
TTATCC	0.580306
TTATCG	1.44169
TTATCT	0.254886
TTATGA	2.097
TTATGC	1.00292
TTATGG	0.838801
TTATGT	2.75429
TTATTA	1.37032
TTATTC	0.777544
TTATTG	1.55859
TTATTT	0.706651
TTCAAA	0.723675
TTCAAC	0
TTCAAG	0.512603
TTCAAT	0.627679
TTCACA	1.14857
TTCACC	0.887198
TTCACG	0
TTCACT	0.646741
TTCAGA	0.506971
TTCAGC	1.37032
TTCAGG	0.446461
TTCAGT	0.201459
TTCATA	0.854336
TTCATC	0.260645
TTCATG	0.552505
TTCATT	0
TTCCAA	1.25535
TTCCAC	1.27707
TTCCAG	1.10281
TTCCAT	1.36839
TTCCCA	1.49463
TTCCCC	1.78815
TTCCCG	2.11841
TTCCCT	1.23732
TTCCGA	2.22334
TTCCGC	0.762549
TTCCGG	0.756301
TTCCGT	1.84538
TTCCTA	1.13631
TTCCTC	0.81345
TTCCTG	0.820165
TTCCTT	1.06792
TTCGAA	0.599146
TTCGAC	0
TTCGAG	0
TTCGAT	1.7744
TTCGCA	0.709758
TTCGCC	0.816534
TTCGCG	0
TTCGCT	1.68784
TTCGGA	0
TTCGGC	0
TTCGGG	0.775366
TTCGGT	0.709758
TTCGTA	0
TTCGTC	0.781936
TTCGTG	0
TTCGTT	0
TTCTAA	1.15336
TTCTAC	0.663803
TTCTAG	0.941518
TTCTAT	0.922683
TTCTCA	0.623435
TTCTCC	0.496958
TTCTCG	0
TTCTCT	0.708201
TTCTGA	1.64765
TTCTGC	1.5327
TTCTGG	0.269004
TTCTGT	1.77966
TTCTTA	0.45009
TTCTTC	0.268223
TTCTTG	0.489055
TTCTTT	0.257733
TTGAAA	0.832748
TTGAAC	0
TTGAAG	0.555835
TTGAAT	0.539582
TTGACA	0.580306
TTGACC	0.720847
TTGACG	1.18293
TTGACT	0.663803
TTGAGA	0.369074
TTGAGC	0.800016
TTGAGG	0.389318
TTGAGT	0.349503
TTGATA	0.461344
TTGATC	0
TTGATG	0.744102
TTGATT	0
TTGCAA	1.88854
TTGCAC	0.748123
TTGCAG	0.828759
TTGCAT	2.40005
TTGCCA	1.78296
TTGCCC	3.58824
TTGCCG	1.6675
TTGCCT	0.715261
TTGCGA	0
TTGCGC	1.07289
TTGCGG	1.06056
TTGCGT	3.41735
TTGCTA	1.55073
TTGCTC	0.399431
TTGCTG	0.779294
TTGCTT	0.999298
TTGGAA	1.21008
TTGGAC	0.828757
TTGGAG	0.867729
TTGGAT	0
TTGGCA	1.11167
TTGGCC	0.865016
TTGGCG	0.461344
TTGGCT	1.36582
TTGGGA	1.09843
TTGGGC	2.10658
TTGGGG	0.233001
TTGGGT	0.760453
TTGGTA	0.411914
TTGGTC	0
TTGGTG	0
TTGGTT	0.5042
TTGTAA	1.2605
TTGTAC	3.37568
TTGTAG	1.23851
TTGTAT	1.6147
TTGTCA	0.315988
TTGTCC	0.42325
TTGTCG	2.05041
TTGTCT	0.941516
TTGTGA	1.28151
TTGTGC	1.23024
TTGTGG	0.713415
TTGTGT	1.43052
TTGTTA	0.256301
TTGTTC	0.259181
TTGTTG	0.478075
TTGTTT	0.195484
TTTAAA	0.829753
TTTAAC	1.33336
TTTAAG	0.415624
TTTAAT	0.76129
TTTACA	1.34209
TTTACC	1.52763
TTTACG	0
TTTACT	1.50906
TTTAGA	0.230671
TTTAGC	1.57994
TTTAGG	1.11167
TTTAGT	0.410082
TTTATA	0.42717
TTTATC	0
TTTATG	0
TTTATT	0.61787
TTTCAA	1.4882
TTTCAC	2.26148
TTTCAG	1.72464
TTTCAT	2.03806
TTTCCA	5.2142
TTTCCC	5.04301
TTTCCG	1.38403
TTTCCT	3.61291
TTTCGA	2.30671
TTTCGC	0.607029
TTTCGG	0.576678
TTTCGT	3.97709
TTTCTA	0.92639
TTTCTC	0.587697
TTTCTG	0.911294
TTTCTT	1.2056
TTTGAA	0.988592
TTTGAC	0.344286
TTTGAG	0.330711
TTTGAT	1.40653
TTTGCA	1.71445
TTTGCC	1.86025
TTTGCG	1.4882
TTTGCT	2.81497
TTTGGA	1.47866
TTTGGC	2.13226
TTTGGG	1.41784
TTTGGT	0.918096
TTTGTA	0.170237
TTTGTC	0.406469
TTTGTG	0.294787
TTTGTT	1.1693
TTTTAA	1.41952
TTTTAC	0.90905
TTTTAG	1.02196
TTTTAT	1.27796
TTTTCA	1.18293
TTTTCC	1.53781
TTTTCG	0.591465
TTTTCT	1.45178
TTTTGA	3.41135
TTTTGC	2.44651
TTTTGG	1.65356
TTTTGT	2.586
TTTTTA	0.57771
TTTTTC	0.292606
TTTTTG	0.712892
TTTTTT	0.166149
