kmer	count
sequence	0
AAAAAA	0.000772371
AAAAAC	5.51694e-05
AAAAAG	5.51694e-05
AAAAAT	0
AAAACA	0.000331016
AAAACC	0.000551694
AAAACG	0
AAAACT	0.000220677
AAAAGA	0.000165508
AAAAGC	0.000110339
AAAAGG	5.51694e-05
AAAAGT	0.000165508
AAAATA	5.51694e-05
AAAATC	0.000110339
AAAATG	5.51694e-05
AAAATT	0
AAACAA	0.000717202
AAACAC	0.000220677
AAACAG	0.000275847
AAACAT	0.000441355
AAACCA	0.000331016
AAACCC	0.000827541
AAACCG	5.51694e-05
AAACCT	0.000386186
AAACGA	5.51694e-05
AAACGC	0.000110339
AAACGG	5.51694e-05
AAACGT	5.51694e-05
AAACTA	0.000110339
AAACTC	5.51694e-05
AAACTG	0.000110339
AAACTT	5.51694e-05
AAAGAA	0.000386186
AAAGAC	0.000165508
AAAGAG	5.51694e-05
AAAGAT	0
AAAGCA	0.000275847
AAAGCC	0.000441355
AAAGCG	0
AAAGCT	0.000220677
AAAGGA	0.000551694
AAAGGC	0.000110339
AAAGGG	0.000441355
AAAGGT	5.51694e-05
AAAGTA	0
AAAGTC	5.51694e-05
AAAGTG	5.51694e-05
AAAGTT	0.000110339
AAATAA	0.000386186
AAATAC	0.000220677
AAATAG	0.000165508
AAATAT	5.51694e-05
AAATCA	0.000275847
AAATCC	0.000220677
AAATCG	0
AAATCT	5.51694e-05
AAATGA	0.000386186
AAATGC	0.000165508
AAATGG	0.000331016
AAATGT	0.000165508
AAATTA	0
AAATTC	5.51694e-05
AAATTG	5.51694e-05
AAATTT	0
AACAAA	5.51694e-05
AACAAC	5.51694e-05
AACAAG	5.51694e-05
AACAAT	0
AACACA	0.000110339
AACACC	0.000165508
AACACG	0
AACACT	5.51694e-05
AACAGA	0.000220677
AACAGC	5.51694e-05
AACAGG	5.51694e-05
AACAGT	0
AACATA	0
AACATC	0
AACATG	0.000110339
AACATT	5.51694e-05
AACCAA	0.000220677
AACCAC	5.51694e-05
AACCAG	0.000110339
AACCAT	5.51694e-05
AACCCA	0.000110339
AACCCC	0.000441355
AACCCG	5.51694e-05
AACCCT	0.000165508
AACCGA	5.51694e-05
AACCGC	0
AACCGG	0
AACCGT	5.51694e-05
AACCTA	5.51694e-05
AACCTC	0.000165508
AACCTG	5.51694e-05
AACCTT	0.000165508
AACGAA	0
AACGAC	0
AACGAG	0
AACGAT	5.51694e-05
AACGCA	0.000220677
AACGCC	5.51694e-05
AACGCG	0
AACGCT	0
AACGGA	0
AACGGC	0
AACGGG	0
AACGGT	0
AACGTA	0
AACGTC	0
AACGTG	0
AACGTT	5.51694e-05
AACTAA	5.51694e-05
AACTAC	0
AACTAG	5.51694e-05
AACTAT	0
AACTCA	0
AACTCC	0
AACTCG	0
AACTCT	0
AACTGA	5.51694e-05
AACTGC	0
AACTGG	0.000110339
AACTGT	0.000110339
AACTTA	0
AACTTC	0
AACTTG	0
AACTTT	0
AAGAAA	0
AAGAAC	0.000110339
AAGAAG	5.51694e-05
AAGAAT	0
AAGACA	0
AAGACC	5.51694e-05
AAGACG	0
AAGACT	0.000110339
AAGAGA	0.000165508
AAGAGC	0.000110339
AAGAGG	0.000165508
AAGAGT	0
AAGATA	0
AAGATC	0
AAGATG	0
AAGATT	5.51694e-05
AAGCAA	0.000110339
AAGCAC	0.000331016
AAGCAG	0.000165508
AAGCAT	0.000165508
AAGCCA	0.000386186
AAGCCC	0.000275847
AAGCCG	0.000165508
AAGCCT	0.000551694
AAGCGA	0
AAGCGC	0.000110339
AAGCGG	5.51694e-05
AAGCGT	0
AAGCTA	5.51694e-05
AAGCTC	0.000165508
AAGCTG	0.000110339
AAGCTT	0.000165508
AAGGAA	0.000165508
AAGGAC	0
AAGGAG	0.000165508
AAGGAT	5.51694e-05
AAGGCA	0.000386186
AAGGCC	0.000386186
AAGGCG	0
AAGGCT	0.000275847
AAGGGA	0.000110339
AAGGGC	5.51694e-05
AAGGGG	0.000110339
AAGGGT	0.000110339
AAGGTA	0
AAGGTC	0
AAGGTG	0
AAGGTT	0
AAGTAA	5.51694e-05
AAGTAC	0.000110339
AAGTAG	0.000165508
AAGTAT	0
AAGTCA	5.51694e-05
AAGTCC	5.51694e-05
AAGTCG	0
AAGTCT	0.000110339
AAGTGA	0.000275847
AAGTGC	0.000220677
AAGTGG	0.000275847
AAGTGT	0.000275847
AAGTTA	0
AAGTTC	0.000110339
AAGTTG	0
AAGTTT	0
AATAAA	0.000275847
AATAAC	0
AATAAG	5.51694e-05
AATAAT	5.51694e-05
AATACA	0
AATACC	0
AATACG	0
AATACT	0.000110339
AATAGA	5.51694e-05
AATAGC	5.51694e-05
AATAGG	0
AATAGT	0
AATATA	0
AATATC	0
AATATG	0
AATATT	5.51694e-05
AATCAA	0.000165508
AATCAC	0.000275847
AATCAG	5.51694e-05
AATCAT	0.000165508
AATCCA	0.000220677
AATCCC	0.000496524
AATCCG	5.51694e-05
AATCCT	0.000386186
AATCGA	0.000165508
AATCGC	0.000165508
AATCGG	0
AATCGT	0.000165508
AATCTA	0.000165508
AATCTC	5.51694e-05
AATCTG	5.51694e-05
AATCTT	5.51694e-05
AATGAA	0
AATGAC	0
AATGAG	5.51694e-05
AATGAT	0.000110339
AATGCA	0.000275847
AATGCC	0.000386186
AATGCG	0
AATGCT	0.000110339
AATGGA	0.000165508
AATGGC	5.51694e-05
AATGGG	0.000110339
AATGGT	0.000110339
AATGTA	0
AATGTC	0.000110339
AATGTG	5.51694e-05
AATGTT	0.000110339
AATTAA	0
AATTAC	5.51694e-05
AATTAG	0.000165508
AATTAT	0
AATTCA	5.51694e-05
AATTCC	0.000165508
AATTCG	5.51694e-05
AATTCT	0.000165508
AATTGA	0.000165508
AATTGC	0.000110339
AATTGG	0.000110339
AATTGT	5.51694e-05
AATTTA	0
AATTTC	5.51694e-05
AATTTG	5.51694e-05
AATTTT	0
ACAAAA	0.000496524
ACAAAC	0.000165508
ACAAAG	0.000386186
ACAAAT	0.000165508
ACAACA	0.000441355
ACAACC	0.000441355
ACAACG	0.000110339
ACAACT	0.000110339
ACAAGA	0.000165508
ACAAGC	0.000165508
ACAAGG	0.000220677
ACAAGT	0
ACAATA	0
ACAATC	5.51694e-05
ACAATG	5.51694e-05
ACAATT	0.000110339
ACACAA	0.000386186
ACACAC	0.000993049
ACACAG	0.000496524
ACACAT	0.000606863
ACACCA	0.00104822
ACACCC	0.00187576
ACACCG	0.000220677
ACACCT	0.0012689
ACACGA	0.000110339
ACACGC	0.000331016
ACACGG	0.000220677
ACACGT	0.000441355
ACACTA	0.000331016
ACACTC	5.51694e-05
ACACTG	0.000606863
ACACTT	5.51694e-05
ACAGAA	0.000551694
ACAGAC	0.000496524
ACAGAG	0.000331016
ACAGAT	0.000110339
ACAGCA	0.000551694
ACAGCC	0.00132406
ACAGCG	0.000110339
ACAGCT	0.000606863
ACAGGA	0.000772371
ACAGGC	0.000717202
ACAGGG	0.000496524
ACAGGT	0.000220677
ACAGTA	5.51694e-05
ACAGTC	0.000110339
ACAGTG	0.000110339
ACAGTT	0.000110339
ACATAA	0.000220677
ACATAC	0.000275847
ACATAG	5.51694e-05
ACATAT	0.000331016
ACATCA	0.000220677
ACATCC	0.000386186
ACATCG	0
ACATCT	0.000386186
ACATGA	0.000331016
ACATGC	0.000110339
ACATGG	0.000331016
ACATGT	0.000606863
ACATTA	5.51694e-05
ACATTC	5.51694e-05
ACATTG	0
ACATTT	5.51694e-05
ACCAAA	0.000165508
ACCAAC	0
ACCAAG	0
ACCAAT	0
ACCACA	0.000220677
ACCACC	5.51694e-05
ACCACG	5.51694e-05
ACCACT	0.000110339
ACCAGA	0.000165508
ACCAGC	0.000165508
ACCAGG	5.51694e-05
ACCAGT	0.000110339
ACCATA	0
ACCATC	0
ACCATG	0
ACCATT	0
ACCCAA	0.000220677
ACCCAC	0.000220677
ACCCAG	0.000165508
ACCCAT	0.000220677
ACCCCA	0.00115856
ACCCCC	0.000772371
ACCCCG	0.000441355
ACCCCT	0.000827541
ACCCGA	0.000220677
ACCCGC	0.000165508
ACCCGG	0.000220677
ACCCGT	5.51694e-05
ACCCTA	5.51694e-05
ACCCTC	0.000165508
ACCCTG	0.000110339
ACCCTT	0.000220677
ACCGAA	0
ACCGAC	0
ACCGAG	0
ACCGAT	0
ACCGCA	0.000110339
ACCGCC	0.000110339
ACCGCG	0
ACCGCT	0.000165508
ACCGGA	0.000110339
ACCGGC	0.000165508
ACCGGG	0
ACCGGT	5.51694e-05
ACCGTA	0
ACCGTC	0
ACCGTG	0
ACCGTT	5.51694e-05
ACCTAA	0.000275847
ACCTAC	5.51694e-05
ACCTAG	0.000110339
ACCTAT	0.000110339
ACCTCA	0.000110339
ACCTCC	0.000110339
ACCTCG	0
ACCTCT	0.000220677
ACCTGA	0.000441355
ACCTGC	0.000496524
ACCTGG	0.000606863
ACCTGT	0.000110339
ACCTTA	0.000165508
ACCTTC	5.51694e-05
ACCTTG	0
ACCTTT	5.51694e-05
ACGAAA	5.51694e-05
ACGAAC	0
ACGAAG	0.000110339
ACGAAT	5.51694e-05
ACGACA	0
ACGACC	0.000165508
ACGACG	0
ACGACT	0
ACGAGA	0
ACGAGC	0
ACGAGG	5.51694e-05
ACGAGT	0
ACGATA	0
ACGATC	0
ACGATG	0
ACGATT	0
ACGCAA	5.51694e-05
ACGCAC	0
ACGCAG	5.51694e-05
ACGCAT	0
ACGCCA	0.000386186
ACGCCC	0.000331016
ACGCCG	0.000110339
ACGCCT	0.000331016
ACGCGA	5.51694e-05
ACGCGC	0.000165508
ACGCGG	5.51694e-05
ACGCGT	5.51694e-05
ACGCTA	0
ACGCTC	0
ACGCTG	0
ACGCTT	0
ACGGAA	5.51694e-05
ACGGAC	5.51694e-05
ACGGAG	0.000110339
ACGGAT	0
ACGGCA	0.000110339
ACGGCC	0.000110339
ACGGCG	5.51694e-05
ACGGCT	0.000165508
ACGGGA	0
ACGGGC	0.000110339
ACGGGG	0.000110339
ACGGGT	0
ACGGTA	0
ACGGTC	5.51694e-05
ACGGTG	0.000110339
ACGGTT	5.51694e-05
ACGTAA	0
ACGTAC	0
ACGTAG	5.51694e-05
ACGTAT	0.000110339
ACGTCA	5.51694e-05
ACGTCC	0
ACGTCG	0
ACGTCT	0.000220677
ACGTGA	0.000110339
ACGTGC	0.000165508
ACGTGG	0.000110339
ACGTGT	5.51694e-05
ACGTTA	0
ACGTTC	0
ACGTTG	0
ACGTTT	0
ACTAAA	0.000386186
ACTAAC	0
ACTAAG	0
ACTAAT	5.51694e-05
ACTACA	0.000220677
ACTACC	0.000275847
ACTACG	5.51694e-05
ACTACT	0.000441355
ACTAGA	0.000331016
ACTAGC	0.000165508
ACTAGG	0.000110339
ACTAGT	5.51694e-05
ACTATA	5.51694e-05
ACTATC	0
ACTATG	5.51694e-05
ACTATT	5.51694e-05
ACTCAA	0.000331016
ACTCAC	0.000772371
ACTCAG	0.000827541
ACTCAT	0.000275847
ACTCCA	0.00154474
ACTCCC	0.00171025
ACTCCG	0.000220677
ACTCCT	0.00171025
ACTCGA	0.000110339
ACTCGC	0.000220677
ACTCGG	0.000220677
ACTCGT	5.51694e-05
ACTCTA	5.51694e-05
ACTCTC	0.000165508
ACTCTG	0.000275847
ACTCTT	0.000275847
ACTGAA	0.000331016
ACTGAC	0.000275847
ACTGAG	0.000331016
ACTGAT	0.000165508
ACTGCA	0.000551694
ACTGCC	0.000496524
ACTGCG	0
ACTGCT	0.000772371
ACTGGA	0.000551694
ACTGGC	0.000441355
ACTGGG	5.51694e-05
ACTGGT	0.000441355
ACTGTA	0.000110339
ACTGTC	0.000110339
ACTGTG	0.000275847
ACTGTT	0.000386186
ACTTAA	0.000275847
ACTTAC	0.000331016
ACTTAG	5.51694e-05
ACTTAT	0.000165508
ACTTCA	0.000110339
ACTTCC	0.000165508
ACTTCG	0
ACTTCT	0.000386186
ACTTGA	0.000496524
ACTTGC	0.000220677
ACTTGG	0.000772371
ACTTGT	0.000331016
ACTTTA	0
ACTTTC	0.000110339
ACTTTG	0.000110339
ACTTTT	0.000165508
AGAAAA	0.000331016
AGAAAC	0.000110339
AGAAAG	0.000165508
AGAAAT	5.51694e-05
AGAACA	0.000110339
AGAACC	0.000165508
AGAACG	5.51694e-05
AGAACT	0.000165508
AGAAGA	0.000275847
AGAAGC	0.000165508
AGAAGG	0.000110339
AGAAGT	5.51694e-05
AGAATA	0.000110339
AGAATC	0.000110339
AGAATG	5.51694e-05
AGAATT	0
AGACAA	0.000496524
AGACAC	0.000275847
AGACAG	0.000496524
AGACAT	5.51694e-05
AGACCA	0.000551694
AGACCC	0.000993049
AGACCG	0.000165508
AGACCT	0.000662032
AGACGA	0.000165508
AGACGC	0.000165508
AGACGG	5.51694e-05
AGACGT	0
AGACTA	0
AGACTC	5.51694e-05
AGACTG	0.000165508
AGACTT	0.000165508
AGAGAA	5.51694e-05
AGAGAC	0.000165508
AGAGAG	0.000110339
AGAGAT	0.000220677
AGAGCA	0.000496524
AGAGCC	0.000441355
AGAGCG	5.51694e-05
AGAGCT	0.000441355
AGAGGA	0.000220677
AGAGGC	0.000386186
AGAGGG	0.000551694
AGAGGT	0.000220677
AGAGTA	0.000110339
AGAGTC	5.51694e-05
AGAGTG	5.51694e-05
AGAGTT	0
AGATAA	0.000220677
AGATAC	0.000165508
AGATAG	5.51694e-05
AGATAT	5.51694e-05
AGATCA	5.51694e-05
AGATCC	0.000275847
AGATCG	0.000110339
AGATCT	0.000220677
AGATGA	0.000165508
AGATGC	0.000275847
AGATGG	0.000275847
AGATGT	0.000331016
AGATTA	5.51694e-05
AGATTC	0
AGATTG	5.51694e-05
AGATTT	0
AGCAAA	0.000165508
AGCAAC	5.51694e-05
AGCAAG	5.51694e-05
AGCAAT	0
AGCACA	0.000110339
AGCACC	0.000275847
AGCACG	0
AGCACT	0.000496524
AGCAGA	0.000110339
AGCAGC	0.000165508
AGCAGG	0.000110339
AGCAGT	0.000220677
AGCATA	0.000110339
AGCATC	0
AGCATG	0
AGCATT	0.000110339
AGCCAA	0.000551694
AGCCAC	0.000275847
AGCCAG	0.000275847
AGCCAT	0.000220677
AGCCCA	0.000772371
AGCCCC	0.000937879
AGCCCG	0.000165508
AGCCCT	0.000717202
AGCCGA	0.000110339
AGCCGC	0.000275847
AGCCGG	0.000220677
AGCCGT	0.000110339
AGCCTA	0.000110339
AGCCTC	0.000165508
AGCCTG	0.000331016
AGCCTT	0.000331016
AGCGAA	0
AGCGAC	0
AGCGAG	5.51694e-05
AGCGAT	0
AGCGCA	5.51694e-05
AGCGCC	0.000110339
AGCGCG	5.51694e-05
AGCGCT	0.000110339
AGCGGA	5.51694e-05
AGCGGC	0.000165508
AGCGGG	0
AGCGGT	5.51694e-05
AGCGTA	0
AGCGTC	0
AGCGTG	0
AGCGTT	0
AGCTAA	0.000165508
AGCTAC	5.51694e-05
AGCTAG	0.000110339
AGCTAT	0.000110339
AGCTCA	5.51694e-05
AGCTCC	0.000220677
AGCTCG	0
AGCTCT	0.000386186
AGCTGA	0.000331016
AGCTGC	0.000331016
AGCTGG	0.000220677
AGCTGT	0.000220677
AGCTTA	5.51694e-05
AGCTTC	5.51694e-05
AGCTTG	0.000110339
AGCTTT	0
AGGAAA	0.000220677
AGGAAC	5.51694e-05
AGGAAG	0
AGGAAT	0.000220677
AGGACA	0.000165508
AGGACC	0.000220677
AGGACG	0
AGGACT	0.000220677
AGGAGA	0
AGGAGC	0.000275847
AGGAGG	0.000110339
AGGAGT	5.51694e-05
AGGATA	0
AGGATC	5.51694e-05
AGGATG	5.51694e-05
AGGATT	0.000110339
AGGCAA	0.000496524
AGGCAC	0.000386186
AGGCAG	0.000275847
AGGCAT	0.000220677
AGGCCA	0.000772371
AGGCCC	0.000993049
AGGCCG	0.000165508
AGGCCT	0.000937879
AGGCGA	5.51694e-05
AGGCGC	0.000165508
AGGCGG	0.000386186
AGGCGT	5.51694e-05
AGGCTA	0
AGGCTC	0.000220677
AGGCTG	0.000386186
AGGCTT	0.000165508
AGGGAA	0.000275847
AGGGAC	0.000165508
AGGGAG	0.000386186
AGGGAT	0.000110339
AGGGCA	0.000165508
AGGGCC	0.000496524
AGGGCG	0.000110339
AGGGCT	0.000551694
AGGGGA	0.000331016
AGGGGC	0.000331016
AGGGGG	0.000110339
AGGGGT	0.000386186
AGGGTA	0
AGGGTC	0
AGGGTG	5.51694e-05
AGGGTT	0
AGGTAA	5.51694e-05
AGGTAC	0.000165508
AGGTAG	0.000165508
AGGTAT	5.51694e-05
AGGTCA	5.51694e-05
AGGTCC	0
AGGTCG	0
AGGTCT	0.000220677
AGGTGA	0.000110339
AGGTGC	0.000165508
AGGTGG	0.000165508
AGGTGT	5.51694e-05
AGGTTA	0
AGGTTC	5.51694e-05
AGGTTG	5.51694e-05
AGGTTT	0
AGTAAA	0
AGTAAC	0
AGTAAG	0
AGTAAT	0.000220677
AGTACA	5.51694e-05
AGTACC	0.000165508
AGTACG	0
AGTACT	0
AGTAGA	0.000165508
AGTAGC	5.51694e-05
AGTAGG	0.000110339
AGTAGT	0
AGTATA	5.51694e-05
AGTATC	5.51694e-05
AGTATG	5.51694e-05
AGTATT	5.51694e-05
AGTCAA	0.000275847
AGTCAC	0.000331016
AGTCAG	0.000331016
AGTCAT	0.000220677
AGTCCA	0.000772371
AGTCCC	0.0012689
AGTCCG	0
AGTCCT	0.00088271
AGTCGA	0
AGTCGC	0
AGTCGG	0
AGTCGT	0.000110339
AGTCTA	0.000110339
AGTCTC	0.000110339
AGTCTG	5.51694e-05
AGTCTT	0.000220677
AGTGAA	0.000386186
AGTGAC	5.51694e-05
AGTGAG	0.000110339
AGTGAT	0.000165508
AGTGCA	0.000275847
AGTGCC	0.000606863
AGTGCG	0.000110339
AGTGCT	0.000606863
AGTGGA	0.000110339
AGTGGC	0.000386186
AGTGGG	0.000275847
AGTGGT	0.000496524
AGTGTA	0
AGTGTC	0.000110339
AGTGTG	0
AGTGTT	0.000275847
AGTTAA	0.000220677
AGTTAC	0.000110339
AGTTAG	0.000110339
AGTTAT	0.000220677
AGTTCA	0.000165508
AGTTCC	0.000110339
AGTTCG	0
AGTTCT	0.000275847
AGTTGA	5.51694e-05
AGTTGC	5.51694e-05
AGTTGG	0.000110339
AGTTGT	0.000110339
AGTTTA	0
AGTTTC	5.51694e-05
AGTTTG	5.51694e-05
AGTTTT	5.51694e-05
ATAAAA	0.000386186
ATAAAC	5.51694e-05
ATAAAG	0.000331016
ATAAAT	5.51694e-05
ATAACA	0.000331016
ATAACC	0.000110339
ATAACG	0.000110339
ATAACT	0.000220677
ATAAGA	5.51694e-05
ATAAGC	5.51694e-05
ATAAGG	0.000165508
ATAAGT	0.000110339
ATAATA	0.000165508
ATAATC	5.51694e-05
ATAATG	5.51694e-05
ATAATT	0.000110339
ATACAA	0.000275847
ATACAC	0.000165508
ATACAG	0.000275847
ATACAT	0.000220677
ATACCA	0.000496524
ATACCC	0.000386186
ATACCG	5.51694e-05
ATACCT	0.000441355
ATACGA	0.000165508
ATACGC	0
ATACGG	0.000110339
ATACGT	0.000110339
ATACTA	5.51694e-05
ATACTC	5.51694e-05
ATACTG	0.000275847
ATACTT	0.000275847
ATAGAA	0.000220677
ATAGAC	0
ATAGAG	5.51694e-05
ATAGAT	0.000110339
ATAGCA	0.000441355
ATAGCC	0.000220677
ATAGCG	0
ATAGCT	0.000110339
ATAGGA	0.000275847
ATAGGC	0.000220677
ATAGGG	0.000331016
ATAGGT	0.000220677
ATAGTA	5.51694e-05
ATAGTC	0.000110339
ATAGTG	0
ATAGTT	0.000275847
ATATAA	0.000331016
ATATAC	0.000110339
ATATAG	5.51694e-05
ATATAT	0.000165508
ATATCA	0.000220677
ATATCC	0.000220677
ATATCG	0
ATATCT	0.000165508
ATATGA	0.000165508
ATATGC	0.000110339
ATATGG	0.000275847
ATATGT	0.000606863
ATATTA	0.000165508
ATATTC	5.51694e-05
ATATTG	0.000110339
ATATTT	0.000110339
ATCAAA	0.000220677
ATCAAC	0
ATCAAG	0.000220677
ATCAAT	0.000110339
ATCACA	0.000331016
ATCACC	0.000275847
ATCACG	5.51694e-05
ATCACT	0.000441355
ATCAGA	0.000165508
ATCAGC	0.000110339
ATCAGG	0.000220677
ATCAGT	0.000220677
ATCATA	0
ATCATC	0
ATCATG	5.51694e-05
ATCATT	0
ATCCAA	0.000110339
ATCCAC	0.000220677
ATCCAG	0.000220677
ATCCAT	5.51694e-05
ATCCCA	0.000937879
ATCCCC	0.000496524
ATCCCG	0.000275847
ATCCCT	0.000717202
ATCCGA	0.000165508
ATCCGC	0.000165508
ATCCGG	5.51694e-05
ATCCGT	5.51694e-05
ATCCTA	0.000110339
ATCCTC	0.000110339
ATCCTG	0.000275847
ATCCTT	0.000165508
ATCGAA	5.51694e-05
ATCGAC	5.51694e-05
ATCGAG	0
ATCGAT	0
ATCGCA	5.51694e-05
ATCGCC	0.000275847
ATCGCG	0
ATCGCT	0.000220677
ATCGGA	5.51694e-05
ATCGGC	0
ATCGGG	0
ATCGGT	5.51694e-05
ATCGTA	0
ATCGTC	0
ATCGTG	0
ATCGTT	0
ATCTAA	0.000220677
ATCTAC	0.000220677
ATCTAG	0.000110339
ATCTAT	0.000110339
ATCTCA	0.000110339
ATCTCC	0.000165508
ATCTCG	0
ATCTCT	0.000275847
ATCTGA	0.000386186
ATCTGC	0.000496524
ATCTGG	0.000220677
ATCTGT	0.000827541
ATCTTA	0
ATCTTC	0
ATCTTG	0.000165508
ATCTTT	0.000110339
ATGAAA	0.000331016
ATGAAC	5.51694e-05
ATGAAG	0
ATGAAT	0.000110339
ATGACA	0.000110339
ATGACC	0.000220677
ATGACG	0
ATGACT	0.000331016
ATGAGA	5.51694e-05
ATGAGC	5.51694e-05
ATGAGG	0.000165508
ATGAGT	5.51694e-05
ATGATA	0
ATGATC	0
ATGATG	5.51694e-05
ATGATT	0
ATGCAA	0.000275847
ATGCAC	0.000275847
ATGCAG	0.000220677
ATGCAT	0.000275847
ATGCCA	0.000496524
ATGCCC	0.000662032
ATGCCG	5.51694e-05
ATGCCT	0.000827541
ATGCGA	0.000110339
ATGCGC	5.51694e-05
ATGCGG	0
ATGCGT	0.000331016
ATGCTA	0.000110339
ATGCTC	0.000110339
ATGCTG	5.51694e-05
ATGCTT	0.000110339
ATGGAA	0.000220677
ATGGAC	0.000220677
ATGGAG	0.000110339
ATGGAT	0.000165508
ATGGCA	0.000331016
ATGGCC	0.000386186
ATGGCG	5.51694e-05
ATGGCT	0.000275847
ATGGGA	0.000386186
ATGGGC	0.000331016
ATGGGG	0.000331016
ATGGGT	5.51694e-05
ATGGTA	0
ATGGTC	0
ATGGTG	0
ATGGTT	0
ATGTAA	0.000220677
ATGTAC	0.000110339
ATGTAG	5.51694e-05
ATGTAT	0.000386186
ATGTCA	5.51694e-05
ATGTCC	0.000165508
ATGTCG	0
ATGTCT	0.000275847
ATGTGA	0.000110339
ATGTGC	0.000386186
ATGTGG	0.000275847
ATGTGT	0.000496524
ATGTTA	5.51694e-05
ATGTTC	0
ATGTTG	0
ATGTTT	0.000110339
ATTAAA	0.000275847
ATTAAC	0.000110339
ATTAAG	5.51694e-05
ATTAAT	0.000110339
ATTACA	0.000441355
ATTACC	5.51694e-05
ATTACG	5.51694e-05
ATTACT	0.000331016
ATTAGA	0.000165508
ATTAGC	0.000110339
ATTAGG	0.000110339
ATTAGT	0.000275847
ATTATA	0.000110339
ATTATC	0
ATTATG	0
ATTATT	5.51694e-05
ATTCAA	0.000220677
ATTCAC	0.000331016
ATTCAG	0.000441355
ATTCAT	0.000441355
ATTCCA	0.00171025
ATTCCC	0.00159991
ATTCCG	5.51694e-05
ATTCCT	0.000937879
ATTCGA	0
ATTCGC	5.51694e-05
ATTCGG	0.000110339
ATTCGT	0.000220677
ATTCTA	0.000386186
ATTCTC	0.000220677
ATTCTG	0.000275847
ATTCTT	0.000275847
ATTGAA	5.51694e-05
ATTGAC	0.000165508
ATTGAG	0.000220677
ATTGAT	0.000110339
ATTGCA	0.000275847
ATTGCC	0.000386186
ATTGCG	0.000165508
ATTGCT	0.000441355
ATTGGA	0.000496524
ATTGGC	5.51694e-05
ATTGGG	0
ATTGGT	0.000220677
ATTGTA	0.000110339
ATTGTC	0.000110339
ATTGTG	0.000110339
ATTGTT	0.000110339
ATTTAA	0.000662032
ATTTAC	0.000717202
ATTTAG	0.000220677
ATTTAT	0.000220677
ATTTCA	0.000386186
ATTTCC	0.000717202
ATTTCG	5.51694e-05
ATTTCT	0.000496524
ATTTGA	0.000441355
ATTTGC	0.000220677
ATTTGG	0.000110339
ATTTGT	0.000606863
ATTTTA	5.51694e-05
ATTTTC	0.000110339
ATTTTG	5.51694e-05
ATTTTT	0.000220677
CAAAAA	0.000331016
CAAAAC	5.51694e-05
CAAAAG	0.000110339
CAAAAT	0.000165508
CAAACA	0.000275847
CAAACC	0.000331016
CAAACG	0
CAAACT	0.000275847
CAAAGA	0.000331016
CAAAGC	0.000386186
CAAAGG	0.000165508
CAAAGT	0.000331016
CAAATA	0
CAAATC	5.51694e-05
CAAATG	5.51694e-05
CAAATT	0.000220677
CAACAA	0.000220677
CAACAC	0
CAACAG	0.000165508
CAACAT	0.000441355
CAACCA	0.000331016
CAACCC	0.000993049
CAACCG	0.000165508
CAACCT	0.000937879
CAACGA	5.51694e-05
CAACGC	0.000110339
CAACGG	0.000165508
CAACGT	0.000386186
CAACTA	5.51694e-05
CAACTC	0.000165508
CAACTG	0.000275847
CAACTT	0.000331016
CAAGAA	0.000386186
CAAGAC	0.000331016
CAAGAG	0.000165508
CAAGAT	0.000220677
CAAGCA	0.000606863
CAAGCC	0.000441355
CAAGCG	0
CAAGCT	0.000441355
CAAGGA	0.000827541
CAAGGC	0.000275847
CAAGGG	0.000275847
CAAGGT	0.000386186
CAAGTA	0
CAAGTC	5.51694e-05
CAAGTG	0.000220677
CAAGTT	0.000220677
CAATAA	0.000220677
CAATAC	0.000220677
CAATAG	0.000220677
CAATAT	5.51694e-05
CAATCA	0.000220677
CAATCC	0.000386186
CAATCG	5.51694e-05
CAATCT	0.000165508
CAATGA	0.000165508
CAATGC	0.000165508
CAATGG	0.000275847
CAATGT	0.000331016
CAATTA	0.000165508
CAATTC	0
CAATTG	5.51694e-05
CAATTT	0.000331016
CACAAA	0.000220677
CACAAC	0
CACAAG	0
CACAAT	0
CACACA	0.000220677
CACACC	0.000165508
CACACG	0
CACACT	0
CACAGA	0
CACAGC	5.51694e-05
CACAGG	0
CACAGT	5.51694e-05
CACATA	5.51694e-05
CACATC	0
CACATG	0.000110339
CACATT	5.51694e-05
CACCAA	5.51694e-05
CACCAC	0.000275847
CACCAG	0.000220677
CACCAT	5.51694e-05
CACCCA	0.000551694
CACCCC	0.00088271
CACCCG	0.000275847
CACCCT	0.000331016
CACCGA	0
CACCGC	0.000220677
CACCGG	0.000220677
CACCGT	0.000110339
CACCTA	5.51694e-05
CACCTC	0.000331016
CACCTG	0.000386186
CACCTT	0.000275847
CACGAA	0
CACGAC	0
CACGAG	0
CACGAT	0
CACGCA	0
CACGCC	0.000386186
CACGCG	0
CACGCT	0
CACGGA	0
CACGGC	0
CACGGG	5.51694e-05
CACGGT	0
CACGTA	0
CACGTC	0
CACGTG	5.51694e-05
CACGTT	0
CACTAA	0.000110339
CACTAC	0.000110339
CACTAG	0
CACTAT	0.000275847
CACTCA	5.51694e-05
CACTCC	0.000220677
CACTCG	0
CACTCT	5.51694e-05
CACTGA	0.000220677
CACTGC	0.000165508
CACTGG	0.000165508
CACTGT	0.000331016
CACTTA	0
CACTTC	5.51694e-05
CACTTG	5.51694e-05
CACTTT	0.000386186
CAGAAA	5.51694e-05
CAGAAC	5.51694e-05
CAGAAG	5.51694e-05
CAGAAT	0
CAGACA	0.000220677
CAGACC	0.000220677
CAGACG	0
CAGACT	0.000275847
CAGAGA	5.51694e-05
CAGAGC	0.000165508
CAGAGG	0.000331016
CAGAGT	0
CAGATA	5.51694e-05
CAGATC	5.51694e-05
CAGATG	0
CAGATT	5.51694e-05
CAGCAA	0.000220677
CAGCAC	0.000275847
CAGCAG	0.000441355
CAGCAT	0.000386186
CAGCCA	0.000772371
CAGCCC	0.0012689
CAGCCG	0.000165508
CAGCCT	0.00088271
CAGCGA	0
CAGCGC	5.51694e-05
CAGCGG	0.000110339
CAGCGT	0.000110339
CAGCTA	0.000110339
CAGCTC	0.000165508
CAGCTG	0.000551694
CAGCTT	0.000165508
CAGGAA	0.000110339
CAGGAC	5.51694e-05
CAGGAG	0.000220677
CAGGAT	0
CAGGCA	0.000331016
CAGGCC	0.000606863
CAGGCG	0
CAGGCT	0.000606863
CAGGGA	0.000551694
CAGGGC	0.000220677
CAGGGG	0.000165508
CAGGGT	0.000110339
CAGGTA	0.000220677
CAGGTC	0
CAGGTG	0.000110339
CAGGTT	0
CAGTAA	5.51694e-05
CAGTAC	5.51694e-05
CAGTAG	0.000165508
CAGTAT	5.51694e-05
CAGTCA	0.000110339
CAGTCC	0
CAGTCG	0
CAGTCT	0.000110339
CAGTGA	0.000220677
CAGTGC	0
CAGTGG	0.000275847
CAGTGT	0.000441355
CAGTTA	0.000110339
CAGTTC	0
CAGTTG	0
CAGTTT	0
CATAAA	0.000165508
CATAAC	5.51694e-05
CATAAG	5.51694e-05
CATAAT	5.51694e-05
CATACA	0
CATACC	5.51694e-05
CATACG	0
CATACT	0.000110339
CATAGA	0.000110339
CATAGC	0
CATAGG	0
CATAGT	5.51694e-05
CATATA	5.51694e-05
CATATC	0
CATATG	0
CATATT	5.51694e-05
CATCAA	0.000275847
CATCAC	0.000386186
CATCAG	0.000220677
CATCAT	0.000110339
CATCCA	0.00104822
CATCCC	0.00110339
CATCCG	5.51694e-05
CATCCT	0.00088271
CATCGA	0.000110339
CATCGC	0.000110339
CATCGG	0.000275847
CATCGT	0.000110339
CATCTA	0.000165508
CATCTC	0.000165508
CATCTG	0.000331016
CATCTT	0.000386186
CATGAA	5.51694e-05
CATGAC	5.51694e-05
CATGAG	5.51694e-05
CATGAT	5.51694e-05
CATGCA	0.000165508
CATGCC	0.000551694
CATGCG	0
CATGCT	0.000275847
CATGGA	0.000110339
CATGGC	5.51694e-05
CATGGG	0.000386186
CATGGT	0.000331016
CATGTA	5.51694e-05
CATGTC	0
CATGTG	5.51694e-05
CATGTT	0
CATTAA	0.000110339
CATTAC	0.000165508
CATTAG	5.51694e-05
CATTAT	0.000165508
CATTCA	0.000275847
CATTCC	0.000386186
CATTCG	5.51694e-05
CATTCT	0.000496524
CATTGA	0.000275847
CATTGC	0.000606863
CATTGG	0.000110339
CATTGT	0.000441355
CATTTA	0
CATTTC	5.51694e-05
CATTTG	0
CATTTT	0.000220677
CCAAAA	0.000551694
CCAAAC	0.000331016
CCAAAG	0.000496524
CCAAAT	0.000165508
CCAACA	0.000772371
CCAACC	0.000937879
CCAACG	0
CCAACT	0.000662032
CCAAGA	0.000717202
CCAAGC	0.000496524
CCAAGG	0.000331016
CCAAGT	0.000275847
CCAATA	5.51694e-05
CCAATC	0
CCAATG	0
CCAATT	0.000110339
CCACAA	0.000606863
CCACAC	0.00115856
CCACAG	0.00132406
CCACAT	0.000551694
CCACCA	0.00226194
CCACCC	0.00408253
CCACCG	0.000551694
CCACCT	0.00264813
CCACGA	0.000386186
CCACGC	0.000937879
CCACGG	0.000662032
CCACGT	0.000772371
CCACTA	0.000220677
CCACTC	0.000331016
CCACTG	0.000496524
CCACTT	0.000606863
CCAGAA	0.000441355
CCAGAC	0.000331016
CCAGAG	0.000551694
CCAGAT	0.000441355
CCAGCA	0.0014344
CCAGCC	0.00325499
CCAGCG	0.000331016
CCAGCT	0.00187576
CCAGGA	0.00132406
CCAGGC	0.0014344
CCAGGG	0.00110339
CCAGGT	0.000772371
CCAGTA	5.51694e-05
CCAGTC	0.000165508
CCAGTG	0.000220677
CCAGTT	0.000441355
CCATAA	0.000331016
CCATAC	0.000275847
CCATAG	0.000110339
CCATAT	5.51694e-05
CCATCA	0.000331016
CCATCC	0.000662032
CCATCG	0
CCATCT	0.000551694
CCATGA	0.000441355
CCATGC	0.000717202
CCATGG	0.000331016
CCATGT	0.000827541
CCATTA	0.000165508
CCATTC	0.000110339
CCATTG	0.000220677
CCATTT	0.000331016
CCCAAA	0.000165508
CCCAAC	0.000110339
CCCAAG	0.000110339
CCCAAT	5.51694e-05
CCCACA	0.000220677
CCCACC	0.000606863
CCCACG	0
CCCACT	0.000220677
CCCAGA	0.000275847
CCCAGC	0.000496524
CCCAGG	0.000496524
CCCAGT	0.000165508
CCCATA	0
CCCATC	5.51694e-05
CCCATG	0
CCCATT	5.51694e-05
CCCCAA	0.000606863
CCCCAC	0.000827541
CCCCAG	0.000606863
CCCCAT	0.000386186
CCCCCA	0.00182059
CCCCCC	0.000993049
CCCCCG	0.000937879
CCCCCT	0.00088271
CCCCGA	0.000386186
CCCCGC	0.000717202
CCCCGG	0.000441355
CCCCGT	0.000220677
CCCCTA	0.000165508
CCCCTC	0.000496524
CCCCTG	0.000496524
CCCCTT	0.000386186
CCCGAA	5.51694e-05
CCCGAC	0
CCCGAG	5.51694e-05
CCCGAT	0
CCCGCA	0.000275847
CCCGCC	0.0012689
CCCGCG	0
CCCGCT	0.000220677
CCCGGA	5.51694e-05
CCCGGC	0.000662032
CCCGGG	0.000220677
CCCGGT	0.000386186
CCCGTA	0
CCCGTC	0
CCCGTG	5.51694e-05
CCCGTT	0
CCCTAA	0.000275847
CCCTAC	5.51694e-05
CCCTAG	5.51694e-05
CCCTAT	0.000110339
CCCTCA	0.000275847
CCCTCC	0.000386186
CCCTCG	0.000110339
CCCTCT	0.000937879
CCCTGA	0.000551694
CCCTGC	0.000937879
CCCTGG	0.000827541
CCCTGT	0.000606863
CCCTTA	0.000110339
CCCTTC	0.000110339
CCCTTG	5.51694e-05
CCCTTT	0.000110339
CCGAAA	0
CCGAAC	5.51694e-05
CCGAAG	0
CCGAAT	0
CCGACA	5.51694e-05
CCGACC	0.000110339
CCGACG	0
CCGACT	0.000110339
CCGAGA	0.000110339
CCGAGC	5.51694e-05
CCGAGG	0.000110339
CCGAGT	0
CCGATA	0
CCGATC	0
CCGATG	0
CCGATT	0
CCGCAA	0.000110339
CCGCAC	0.000220677
CCGCAG	0.000331016
CCGCAT	0.000110339
CCGCCA	0.000551694
CCGCCC	0.00159991
CCGCCG	0.000275847
CCGCCT	0.000993049
CCGCGA	0.000165508
CCGCGC	0.000496524
CCGCGG	0.000331016
CCGCGT	0
CCGCTA	5.51694e-05
CCGCTC	5.51694e-05
CCGCTG	0.000110339
CCGCTT	0.000110339
CCGGAA	0.000110339
CCGGAC	5.51694e-05
CCGGAG	0.000110339
CCGGAT	0
CCGGCA	0.000220677
CCGGCC	0.000772371
CCGGCG	5.51694e-05
CCGGCT	0.000220677
CCGGGA	0.000386186
CCGGGC	0.000386186
CCGGGG	0.000331016
CCGGGT	0.000220677
CCGGTA	0
CCGGTC	5.51694e-05
CCGGTG	0
CCGGTT	5.51694e-05
CCGTAA	0.000110339
CCGTAC	0.000165508
CCGTAG	5.51694e-05
CCGTAT	5.51694e-05
CCGTCA	5.51694e-05
CCGTCC	0.000110339
CCGTCG	5.51694e-05
CCGTCT	5.51694e-05
CCGTGA	0.000275847
CCGTGC	0.000110339
CCGTGG	0.000441355
CCGTGT	0.000275847
CCGTTA	5.51694e-05
CCGTTC	0
CCGTTG	0.000110339
CCGTTT	0
CCTAAA	0.000331016
CCTAAC	0.000220677
CCTAAG	0.000110339
CCTAAT	0.000110339
CCTACA	0.000220677
CCTACC	0.000386186
CCTACG	0
CCTACT	5.51694e-05
CCTAGA	0.000331016
CCTAGC	0.000496524
CCTAGG	0.000441355
CCTAGT	0.000220677
CCTATA	0
CCTATC	0.000110339
CCTATG	0.000110339
CCTATT	0
CCTCAA	0.00088271
CCTCAC	0.00148957
CCTCAG	0.00165508
CCTCAT	0.000496524
CCTCCA	0.00275847
CCTCCC	0.00893744
CCTCCG	0.000606863
CCTCCT	0.00546177
CCTCGA	0.000441355
CCTCGC	0.000606863
CCTCGG	0.000827541
CCTCGT	0.000441355
CCTCTA	0.000331016
CCTCTC	0.000662032
CCTCTG	0.00088271
CCTCTT	0.000717202
CCTGAA	0.000662032
CCTGAC	0.000662032
CCTGAG	0.000331016
CCTGAT	0.000220677
CCTGCA	0.0012689
CCTGCC	0.00220677
CCTGCG	0.000331016
CCTGCT	0.0012689
CCTGGA	0.00159991
CCTGGC	0.00165508
CCTGGG	0.00154474
CCTGGT	0.000662032
CCTGTA	0.000110339
CCTGTC	0.000331016
CCTGTG	0.000275847
CCTGTT	0.000331016
CCTTAA	0.000717202
CCTTAC	0.000220677
CCTTAG	0.000331016
CCTTAT	0.000331016
CCTTCA	0.00137923
CCTTCC	0.00209644
CCTTCG	0.000110339
CCTTCT	0.000937879
CCTTGA	0.000551694
CCTTGC	0.000772371
CCTTGG	0.0014344
CCTTGT	0.000717202
CCTTTA	5.51694e-05
CCTTTC	0.000110339
CCTTTG	0.000331016
CCTTTT	0.000220677
CGAAAA	0
CGAAAC	5.51694e-05
CGAAAG	5.51694e-05
CGAAAT	0
CGAACA	0.000110339
CGAACC	5.51694e-05
CGAACG	0
CGAACT	0
CGAAGA	0.000110339
CGAAGC	5.51694e-05
CGAAGG	5.51694e-05
CGAAGT	0
CGAATA	0
CGAATC	5.51694e-05
CGAATG	0
CGAATT	0
CGACAA	0.000165508
CGACAC	0
CGACAG	5.51694e-05
CGACAT	5.51694e-05
CGACCA	0.000110339
CGACCC	0.000275847
CGACCG	0
CGACCT	5.51694e-05
CGACGA	0
CGACGC	0
CGACGG	0
CGACGT	0.000110339
CGACTA	0.000110339
CGACTC	5.51694e-05
CGACTG	5.51694e-05
CGACTT	0.000110339
CGAGAA	5.51694e-05
CGAGAC	0
CGAGAG	5.51694e-05
CGAGAT	5.51694e-05
CGAGCA	0
CGAGCC	0.000110339
CGAGCG	0
CGAGCT	5.51694e-05
CGAGGA	5.51694e-05
CGAGGC	5.51694e-05
CGAGGG	0.000165508
CGAGGT	0.000165508
CGAGTA	0
CGAGTC	0
CGAGTG	0
CGAGTT	0
CGATAA	0
CGATAC	5.51694e-05
CGATAG	0
CGATAT	0
CGATCA	5.51694e-05
CGATCC	0
CGATCG	0
CGATCT	0.000110339
CGATGA	0.000165508
CGATGC	5.51694e-05
CGATGG	0
CGATGT	0.000220677
CGATTA	0
CGATTC	0
CGATTG	0
CGATTT	0
CGCAAA	0.000110339
CGCAAC	0
CGCAAG	0
CGCAAT	0
CGCACA	0.000110339
CGCACC	0.000110339
CGCACG	0
CGCACT	0.000110339
CGCAGA	0
CGCAGC	0
CGCAGG	0
CGCAGT	5.51694e-05
CGCATA	0
CGCATC	0
CGCATG	0
CGCATT	0
CGCCAA	5.51694e-05
CGCCAC	0.000165508
CGCCAG	0.000165508
CGCCAT	0
CGCCCA	0.000386186
CGCCCC	0.000993049
CGCCCG	0.000220677
CGCCCT	0.000386186
CGCCGA	0.000165508
CGCCGC	0.000110339
CGCCGG	0.000110339
CGCCGT	0.000220677
CGCCTA	0.000110339
CGCCTC	0
CGCCTG	0.000165508
CGCCTT	0.000110339
CGCGAA	0
CGCGAC	0
CGCGAG	0
CGCGAT	0
CGCGCA	0
CGCGCC	0.000331016
CGCGCG	0
CGCGCT	0.000110339
CGCGGA	0
CGCGGC	0.000220677
CGCGGG	0
CGCGGT	5.51694e-05
CGCGTA	0
CGCGTC	0
CGCGTG	5.51694e-05
CGCGTT	0
CGCTAA	0
CGCTAC	5.51694e-05
CGCTAG	5.51694e-05
CGCTAT	0
CGCTCA	5.51694e-05
CGCTCC	0.000110339
CGCTCG	0
CGCTCT	5.51694e-05
CGCTGA	5.51694e-05
CGCTGC	0
CGCTGG	5.51694e-05
CGCTGT	0.000110339
CGCTTA	0
CGCTTC	5.51694e-05
CGCTTG	0
CGCTTT	0.000110339
CGGAAA	5.51694e-05
CGGAAC	5.51694e-05
CGGAAG	0
CGGAAT	5.51694e-05
CGGACA	0
CGGACC	0
CGGACG	0
CGGACT	0
CGGAGA	0
CGGAGC	0.000165508
CGGAGG	5.51694e-05
CGGAGT	0.000165508
CGGATA	0
CGGATC	5.51694e-05
CGGATG	0
CGGATT	0
CGGCAA	0.000110339
CGGCAC	0.000110339
CGGCAG	0.000110339
CGGCAT	5.51694e-05
CGGCCA	0.000165508
CGGCCC	0.000496524
CGGCCG	0.000110339
CGGCCT	0.000220677
CGGCGA	0.000110339
CGGCGC	0.000110339
CGGCGG	0.000165508
CGGCGT	0.000110339
CGGCTA	0.000165508
CGGCTC	5.51694e-05
CGGCTG	0.000165508
CGGCTT	0
CGGGAA	5.51694e-05
CGGGAC	5.51694e-05
CGGGAG	0
CGGGAT	0
CGGGCA	0.000220677
CGGGCC	0.000275847
CGGGCG	0
CGGGCT	0.000220677
CGGGGA	5.51694e-05
CGGGGC	0.000165508
CGGGGG	5.51694e-05
CGGGGT	0.000220677
CGGGTA	0
CGGGTC	0
CGGGTG	0.000110339
CGGGTT	0
CGGTAA	0
CGGTAC	0
CGGTAG	0
CGGTAT	0
CGGTCA	0
CGGTCC	5.51694e-05
CGGTCG	5.51694e-05
CGGTCT	5.51694e-05
CGGTGA	0.000110339
CGGTGC	0.000110339
CGGTGG	0.000220677
CGGTGT	0
CGGTTA	0
CGGTTC	0
CGGTTG	0
CGGTTT	5.51694e-05
CGTAAA	0.000110339
CGTAAC	0
CGTAAG	0
CGTAAT	0
CGTACA	0.000110339
CGTACC	5.51694e-05
CGTACG	0
CGTACT	0
CGTAGA	5.51694e-05
CGTAGC	5.51694e-05
CGTAGG	0
CGTAGT	0.000110339
CGTATA	0
CGTATC	0
CGTATG	0.000165508
CGTATT	0
CGTCAA	0.000110339
CGTCAC	0
CGTCAG	0.000110339
CGTCAT	5.51694e-05
CGTCCA	0.000551694
CGTCCC	0.000662032
CGTCCG	0.000110339
CGTCCT	0.000717202
CGTCGA	0
CGTCGC	5.51694e-05
CGTCGG	5.51694e-05
CGTCGT	5.51694e-05
CGTCTA	5.51694e-05
CGTCTC	0
CGTCTG	5.51694e-05
CGTCTT	0.000220677
CGTGAA	5.51694e-05
CGTGAC	0
CGTGAG	5.51694e-05
CGTGAT	0
CGTGCA	5.51694e-05
CGTGCC	0.000331016
CGTGCG	0
CGTGCT	5.51694e-05
CGTGGA	0.000165508
CGTGGC	0.000165508
CGTGGG	0.000275847
CGTGGT	0.000165508
CGTGTA	0
CGTGTC	5.51694e-05
CGTGTG	0.000220677
CGTGTT	0.000110339
CGTTAA	0
CGTTAC	5.51694e-05
CGTTAG	0
CGTTAT	0
CGTTCA	5.51694e-05
CGTTCC	5.51694e-05
CGTTCG	0
CGTTCT	0.000220677
CGTTGA	5.51694e-05
CGTTGC	5.51694e-05
CGTTGG	0.000110339
CGTTGT	0.000165508
CGTTTA	0
CGTTTC	0
CGTTTG	0
CGTTTT	0.000110339
CTAAAA	0.000496524
CTAAAC	0.000331016
CTAAAG	0.000220677
CTAAAT	0.000110339
CTAACA	0.000275847
CTAACC	0.000441355
CTAACG	0
CTAACT	0.000275847
CTAAGA	0.000496524
CTAAGC	0.000331016
CTAAGG	0.000275847
CTAAGT	0.000110339
CTAATA	0.000165508
CTAATC	5.51694e-05
CTAATG	0.000110339
CTAATT	0.000165508
CTACAA	0.000331016
CTACAC	0.000165508
CTACAG	0.000331016
CTACAT	0.000220677
CTACCA	0.000496524
CTACCC	0.00115856
CTACCG	0
CTACCT	0.000827541
CTACGA	0.000220677
CTACGC	0.000110339
CTACGG	0.000220677
CTACGT	0.000275847
CTACTA	0.000275847
CTACTC	0.000165508
CTACTG	0.000441355
CTACTT	0.000386186
CTAGAA	0.000386186
CTAGAC	0.000165508
CTAGAG	0.000110339
CTAGAT	0.000110339
CTAGCA	0.000386186
CTAGCC	0.000386186
CTAGCG	5.51694e-05
CTAGCT	0.000220677
CTAGGA	0.000662032
CTAGGC	0.000551694
CTAGGG	0.000165508
CTAGGT	0.000331016
CTAGTA	0.000110339
CTAGTC	0.000110339
CTAGTG	0
CTAGTT	0
CTATAA	0.000220677
CTATAC	0.000165508
CTATAG	5.51694e-05
CTATAT	0.000110339
CTATCA	0.000165508
CTATCC	0.000220677
CTATCG	0
CTATCT	0.000165508
CTATGA	0.000275847
CTATGC	0.000220677
CTATGG	0.000165508
CTATGT	0.000220677
CTATTA	0
CTATTC	0
CTATTG	5.51694e-05
CTATTT	0
CTCAAA	0.000386186
CTCAAC	0.000110339
CTCAAG	5.51694e-05
CTCAAT	0.000110339
CTCACA	0.000165508
CTCACC	0.000331016
CTCACG	0
CTCACT	0.000496524
CTCAGA	0.000110339
CTCAGC	0.000331016
CTCAGG	0.000220677
CTCAGT	0.000220677
CTCATA	0.000165508
CTCATC	0
CTCATG	0
CTCATT	5.51694e-05
CTCCAA	0.000331016
CTCCAC	0.000496524
CTCCAG	0.000662032
CTCCAT	0.000386186
CTCCCA	0.0019861
CTCCCC	0.00171025
CTCCCG	0.000496524
CTCCCT	0.00237228
CTCCGA	0.000386186
CTCCGC	0.000386186
CTCCGG	0.000275847
CTCCGT	0.000386186
CTCCTA	0.000331016
CTCCTC	0.000275847
CTCCTG	0.000496524
CTCCTT	0.000606863
CTCGAA	5.51694e-05
CTCGAC	0
CTCGAG	5.51694e-05
CTCGAT	0
CTCGCA	0.000165508
CTCGCC	0.000275847
CTCGCG	0
CTCGCT	5.51694e-05
CTCGGA	0
CTCGGC	5.51694e-05
CTCGGG	0
CTCGGT	0.000110339
CTCGTA	0
CTCGTC	5.51694e-05
CTCGTG	5.51694e-05
CTCGTT	0
CTCTAA	0.000441355
CTCTAC	0.000275847
CTCTAG	0.000110339
CTCTAT	5.51694e-05
CTCTCA	0.000275847
CTCTCC	0.000827541
CTCTCG	0
CTCTCT	0.000717202
CTCTGA	0.000662032
CTCTGC	0.00132406
CTCTGG	0.000606863
CTCTGT	0.000717202
CTCTTA	5.51694e-05
CTCTTC	0.000110339
CTCTTG	0.000110339
CTCTTT	5.51694e-05
CTGAAA	0.000110339
CTGAAC	0.000220677
CTGAAG	0
CTGAAT	5.51694e-05
CTGACA	0.000386186
CTGACC	0.000717202
CTGACG	0
CTGACT	5.51694e-05
CTGAGA	0.000331016
CTGAGC	0.000551694
CTGAGG	5.51694e-05
CTGAGT	0.000220677
CTGATA	0
CTGATC	5.51694e-05
CTGATG	5.51694e-05
CTGATT	5.51694e-05
CTGCAA	0.000496524
CTGCAC	0.000275847
CTGCAG	0.000717202
CTGCAT	0.000275847
CTGCCA	0.00110339
CTGCCC	0.0027033
CTGCCG	0.000165508
CTGCCT	0.0019861
CTGCGA	0.000165508
CTGCGC	0.000551694
CTGCGG	0.000386186
CTGCGT	0.000606863
CTGCTA	0.000220677
CTGCTC	0.000165508
CTGCTG	0.000496524
CTGCTT	0.000496524
CTGGAA	0.000496524
CTGGAC	0.000165508
CTGGAG	0.000331016
CTGGAT	0.000110339
CTGGCA	0.000386186
CTGGCC	0.0012689
CTGGCG	0.000165508
CTGGCT	0.000937879
CTGGGA	0.00137923
CTGGGC	0.000827541
CTGGGG	0.000993049
CTGGGT	0.000441355
CTGGTA	5.51694e-05
CTGGTC	0.000110339
CTGGTG	0.000165508
CTGGTT	0
CTGTAA	0.000662032
CTGTAC	0.000606863
CTGTAG	0.000220677
CTGTAT	0.000331016
CTGTCA	0.000110339
CTGTCC	0.000551694
CTGTCG	5.51694e-05
CTGTCT	0.000441355
CTGTGA	0.000772371
CTGTGC	0.000772371
CTGTGG	0.000386186
CTGTGT	0.000993049
CTGTTA	0
CTGTTC	0.000110339
CTGTTG	0.000220677
CTGTTT	0.000110339
CTTAAA	0.000275847
CTTAAC	0.000165508
CTTAAG	0.000110339
CTTAAT	0.000165508
CTTACA	0.000165508
CTTACC	0.000275847
CTTACG	0
CTTACT	0.000551694
CTTAGA	0.000165508
CTTAGC	0.000386186
CTTAGG	0.000165508
CTTAGT	0
CTTATA	5.51694e-05
CTTATC	0
CTTATG	0
CTTATT	5.51694e-05
CTTCAA	0.000827541
CTTCAC	0.000993049
CTTCAG	0.000662032
CTTCAT	0.000386186
CTTCCA	0.00248262
CTTCCC	0.00281364
CTTCCG	0.000275847
CTTCCT	0.00237228
CTTCGA	0.000165508
CTTCGC	0.000165508
CTTCGG	0.000441355
CTTCGT	0.000220677
CTTCTA	5.51694e-05
CTTCTC	0.000606863
CTTCTG	0.000386186
CTTCTT	0.000551694
CTTGAA	0.000551694
CTTGAC	0.000386186
CTTGAG	0.000275847
CTTGAT	0.000110339
CTTGCA	0.000441355
CTTGCC	0.000937879
CTTGCG	0
CTTGCT	0.000772371
CTTGGA	0.000220677
CTTGGC	0.000717202
CTTGGG	0.000331016
CTTGGT	0.000441355
CTTGTA	0
CTTGTC	0.000110339
CTTGTG	0.000331016
CTTGTT	0.000386186
CTTTAA	0.000717202
CTTTAC	0.000331016
CTTTAG	0.000386186
CTTTAT	0.00088271
CTTTCA	0.000937879
CTTTCC	0.00115856
CTTTCG	0.000165508
CTTTCT	0.000772371
CTTTGA	0.000717202
CTTTGC	0.000772371
CTTTGG	0.000772371
CTTTGT	0.000551694
CTTTTA	0.000110339
CTTTTC	0.000165508
CTTTTG	0.000165508
CTTTTT	0.000275847
GAAAAA	0.000110339
GAAAAC	0.000220677
GAAAAG	0.000275847
GAAAAT	5.51694e-05
GAAACA	0.000496524
GAAACC	0.000331016
GAAACG	0.000110339
GAAACT	0.000275847
GAAAGA	0.000110339
GAAAGC	0.000110339
GAAAGG	0.000331016
GAAAGT	0.000110339
GAAATA	5.51694e-05
GAAATC	0
GAAATG	0
GAAATT	0
GAACAA	0.000275847
GAACAC	5.51694e-05
GAACAG	0.000220677
GAACAT	0.000165508
GAACCA	0.000606863
GAACCC	0.000937879
GAACCG	0.000110339
GAACCT	0.000275847
GAACGA	0
GAACGC	0.000110339
GAACGG	5.51694e-05
GAACGT	0.000275847
GAACTA	5.51694e-05
GAACTC	0.000165508
GAACTG	0.000275847
GAACTT	0.000110339
GAAGAA	0.000551694
GAAGAC	0.000220677
GAAGAG	5.51694e-05
GAAGAT	0.000110339
GAAGCA	0.000331016
GAAGCC	0.000441355
GAAGCG	0.000165508
GAAGCT	0.000441355
GAAGGA	0.000220677
GAAGGC	0.000496524
GAAGGG	0.000331016
GAAGGT	0.000165508
GAAGTA	0.000165508
GAAGTC	0
GAAGTG	5.51694e-05
GAAGTT	0.000165508
GAATAA	0
GAATAC	5.51694e-05
GAATAG	0.000110339
GAATAT	0.000110339
GAATCA	0.000165508
GAATCC	0.000165508
GAATCG	0
GAATCT	0.000110339
GAATGA	0.000275847
GAATGC	0.000220677
GAATGG	0.000275847
GAATGT	0.000220677
GAATTA	5.51694e-05
GAATTC	5.51694e-05
GAATTG	0
GAATTT	0
GACAAA	5.51694e-05
GACAAC	0.000110339
GACAAG	5.51694e-05
GACAAT	0
GACACA	0.000110339
GACACC	0
GACACG	5.51694e-05
GACACT	0.000110339
GACAGA	0
GACAGC	5.51694e-05
GACAGG	5.51694e-05
GACAGT	5.51694e-05
GACATA	0
GACATC	0
GACATG	0
GACATT	0
GACCAA	0.000110339
GACCAC	0.000110339
GACCAG	5.51694e-05
GACCAT	0.000110339
GACCCA	0
GACCCC	0.000386186
GACCCG	0.000220677
GACCCT	0.000275847
GACCGA	5.51694e-05
GACCGC	0
GACCGG	0
GACCGT	0
GACCTA	0.000165508
GACCTC	5.51694e-05
GACCTG	5.51694e-05
GACCTT	0
GACGAA	0
GACGAC	0
GACGAG	0
GACGAT	0
GACGCA	0
GACGCC	0.000220677
GACGCG	0
GACGCT	5.51694e-05
GACGGA	5.51694e-05
GACGGC	5.51694e-05
GACGGG	5.51694e-05
GACGGT	5.51694e-05
GACGTA	0
GACGTC	0
GACGTG	5.51694e-05
GACGTT	0
GACTAA	5.51694e-05
GACTAC	0.000110339
GACTAG	0
GACTAT	5.51694e-05
GACTCA	0.000110339
GACTCC	0.000110339
GACTCG	0
GACTCT	5.51694e-05
GACTGA	0
GACTGC	0.000110339
GACTGG	0.000110339
GACTGT	0.000165508
GACTTA	0
GACTTC	0
GACTTG	0.000110339
GACTTT	0.000110339
GAGAAA	0.000110339
GAGAAC	0.000110339
GAGAAG	5.51694e-05
GAGAAT	0.000110339
GAGACA	0.000275847
GAGACC	0.000220677
GAGACG	0
GAGACT	5.51694e-05
GAGAGA	0.000275847
GAGAGC	0.000110339
GAGAGG	0.000220677
GAGAGT	0
GAGATA	0
GAGATC	5.51694e-05
GAGATG	0
GAGATT	0
GAGCAA	5.51694e-05
GAGCAC	0.000110339
GAGCAG	0.000220677
GAGCAT	0.000110339
GAGCCA	0.000551694
GAGCCC	0.000606863
GAGCCG	0.000331016
GAGCCT	0.000717202
GAGCGA	0.000220677
GAGCGC	5.51694e-05
GAGCGG	0.000220677
GAGCGT	0
GAGCTA	5.51694e-05
GAGCTC	0.000110339
GAGCTG	0.000331016
GAGCTT	0.000165508
GAGGAA	0.000220677
GAGGAC	0.000275847
GAGGAG	5.51694e-05
GAGGAT	0.000331016
GAGGCA	0.000441355
GAGGCC	0.000331016
GAGGCG	5.51694e-05
GAGGCT	0.000662032
GAGGGA	0.000441355
GAGGGC	0.000110339
GAGGGG	0.000331016
GAGGGT	0.000110339
GAGGTA	5.51694e-05
GAGGTC	0.000110339
GAGGTG	0.000165508
GAGGTT	0.000110339
GAGTAA	0
GAGTAC	0
GAGTAG	0
GAGTAT	0
GAGTCA	0.000110339
GAGTCC	5.51694e-05
GAGTCG	0
GAGTCT	5.51694e-05
GAGTGA	5.51694e-05
GAGTGC	0.000165508
GAGTGG	0.000165508
GAGTGT	0.000110339
GAGTTA	0
GAGTTC	0
GAGTTG	0
GAGTTT	5.51694e-05
GATAAA	0.000110339
GATAAC	0
GATAAG	5.51694e-05
GATAAT	5.51694e-05
GATACA	0.000110339
GATACC	5.51694e-05
GATACG	0
GATACT	0
GATAGA	0
GATAGC	0
GATAGG	0
GATAGT	0.000165508
GATATA	0
GATATC	0
GATATG	0
GATATT	0
GATCAA	0.000220677
GATCAC	0.000110339
GATCAG	0
GATCAT	0.000220677
GATCCA	0.000386186
GATCCC	0.000331016
GATCCG	0.000110339
GATCCT	0.000441355
GATCGA	0
GATCGC	5.51694e-05
GATCGG	5.51694e-05
GATCGT	0
GATCTA	0
GATCTC	0
GATCTG	5.51694e-05
GATCTT	0.000110339
GATGAA	0.000110339
GATGAC	5.51694e-05
GATGAG	0.000165508
GATGAT	0.000110339
GATGCA	0.000275847
GATGCC	0.000165508
GATGCG	0
GATGCT	0.000110339
GATGGA	0.000110339
GATGGC	0.000220677
GATGGG	5.51694e-05
GATGGT	0.000220677
GATGTA	0
GATGTC	0
GATGTG	5.51694e-05
GATGTT	5.51694e-05
GATTAA	5.51694e-05
GATTAC	0.000110339
GATTAG	5.51694e-05
GATTAT	0.000220677
GATTCA	0.000110339
GATTCC	5.51694e-05
GATTCG	0
GATTCT	5.51694e-05
GATTGA	5.51694e-05
GATTGC	0
GATTGG	0
GATTGT	0.000275847
GATTTA	0
GATTTC	0
GATTTG	0
GATTTT	0
GCAAAA	0.000331016
GCAAAC	0.000496524
GCAAAG	0.000275847
GCAAAT	0.000165508
GCAACA	0.000496524
GCAACC	0.000331016
GCAACG	0.000110339
GCAACT	0.000220677
GCAAGA	0.000386186
GCAAGC	0.000165508
GCAAGG	0.000441355
GCAAGT	0.000220677
GCAATA	5.51694e-05
GCAATC	5.51694e-05
GCAATG	0.000165508
GCAATT	0.000110339
GCACAA	0.000496524
GCACAC	0.000827541
GCACAG	0.000717202
GCACAT	0.000551694
GCACCA	0.00104822
GCACCC	0.00286881
GCACCG	0.000496524
GCACCT	0.0014344
GCACGA	5.51694e-05
GCACGC	0.000275847
GCACGG	0.000386186
GCACGT	0.000331016
GCACTA	0.000331016
GCACTC	0.000275847
GCACTG	0.000165508
GCACTT	0.000496524
GCAGAA	0.000551694
GCAGAC	0.000717202
GCAGAG	0.000441355
GCAGAT	0.000386186
GCAGCA	0.00115856
GCAGCC	0.00121373
GCAGCG	0.000220677
GCAGCT	0.00165508
GCAGGA	0.00115856
GCAGGC	0.00110339
GCAGGG	0.0012689
GCAGGT	0.000551694
GCAGTA	0.000110339
GCAGTC	0.000110339
GCAGTG	0.000441355
GCAGTT	0.000165508
GCATAA	0.000386186
GCATAC	0.000110339
GCATAG	0.000331016
GCATAT	0.000331016
GCATCA	0.000275847
GCATCC	0.00104822
GCATCG	5.51694e-05
GCATCT	0.000551694
GCATGA	0.000275847
GCATGC	0.000386186
GCATGG	0.000717202
GCATGT	0.000441355
GCATTA	0
GCATTC	0.000110339
GCATTG	0.000165508
GCATTT	0.000110339
GCCAAA	0.000110339
GCCAAC	0.000110339
GCCAAG	0.000110339
GCCAAT	5.51694e-05
GCCACA	0.000220677
GCCACC	0.000275847
GCCACG	0
GCCACT	0.000551694
GCCAGA	0.000275847
GCCAGC	0.000110339
GCCAGG	0.000220677
GCCAGT	0.000165508
GCCATA	0
GCCATC	5.51694e-05
GCCATG	0
GCCATT	0
GCCCAA	0.000496524
GCCCAC	0.000496524
GCCCAG	0.000717202
GCCCAT	0.000441355
GCCCCA	0.00215161
GCCCCC	0.00193093
GCCCCG	0.000496524
GCCCCT	0.00159991
GCCCGA	0.000496524
GCCCGC	0.000496524
GCCCGG	0.000772371
GCCCGT	0.000220677
GCCCTA	0.000110339
GCCCTC	0.000165508
GCCCTG	0.000496524
GCCCTT	0.000165508
GCCGAA	0
GCCGAC	0
GCCGAG	0.000220677
GCCGAT	0
GCCGCA	0.000165508
GCCGCC	0.000606863
GCCGCG	0
GCCGCT	0.000386186
GCCGGA	5.51694e-05
GCCGGC	0.000110339
GCCGGG	0.000275847
GCCGGT	0.000110339
GCCGTA	0
GCCGTC	0
GCCGTG	0
GCCGTT	0
GCCTAA	0
GCCTAC	0.000165508
GCCTAG	5.51694e-05
GCCTAT	0.000110339
GCCTCA	0.000275847
GCCTCC	0.000937879
GCCTCG	0.000110339
GCCTCT	0.000551694
GCCTGA	0.000551694
GCCTGC	0.000772371
GCCTGG	0.00088271
GCCTGT	0.000993049
GCCTTA	0
GCCTTC	5.51694e-05
GCCTTG	0.000110339
GCCTTT	0
GCGAAA	5.51694e-05
GCGAAC	0
GCGAAG	0
GCGAAT	0
GCGACA	0.000110339
GCGACC	0.000386186
GCGACG	0
GCGACT	5.51694e-05
GCGAGA	0.000110339
GCGAGC	5.51694e-05
GCGAGG	5.51694e-05
GCGAGT	5.51694e-05
GCGATA	0
GCGATC	0
GCGATG	0
GCGATT	0
GCGCAA	0.000110339
GCGCAC	5.51694e-05
GCGCAG	0.000220677
GCGCAT	0.000165508
GCGCCA	0.000441355
GCGCCC	0.00165508
GCGCCG	0.000110339
GCGCCT	0.000606863
GCGCGA	0.000110339
GCGCGC	0.000331016
GCGCGG	0.000386186
GCGCGT	0.000165508
GCGCTA	0.000110339
GCGCTC	0.000165508
GCGCTG	0.000165508
GCGCTT	0
GCGGAA	0.000165508
GCGGAC	0.000110339
GCGGAG	0
GCGGAT	0.000110339
GCGGCA	0.000275847
GCGGCC	0.000551694
GCGGCG	0.000220677
GCGGCT	0.000331016
GCGGGA	0.000331016
GCGGGC	0.000386186
GCGGGG	0.000275847
GCGGGT	0.000220677
GCGGTA	0
GCGGTC	5.51694e-05
GCGGTG	5.51694e-05
GCGGTT	0.000165508
GCGTAA	0.000110339
GCGTAC	5.51694e-05
GCGTAG	5.51694e-05
GCGTAT	5.51694e-05
GCGTCA	0.000110339
GCGTCC	5.51694e-05
GCGTCG	0
GCGTCT	0.000275847
GCGTGA	0.000220677
GCGTGC	0.000441355
GCGTGG	0.000165508
GCGTGT	0.000165508
GCGTTA	5.51694e-05
GCGTTC	0
GCGTTG	0.000165508
GCGTTT	0
GCTAAA	0.000110339
GCTAAC	0.000220677
GCTAAG	0.000220677
GCTAAT	0.000110339
GCTACA	0.000110339
GCTACC	0.000165508
GCTACG	5.51694e-05
GCTACT	0.000441355
GCTAGA	0.000110339
GCTAGC	0.000110339
GCTAGG	0.000165508
GCTAGT	0.000165508
GCTATA	0.000110339
GCTATC	0
GCTATG	0
GCTATT	0
GCTCAA	0.000275847
GCTCAC	0.00132406
GCTCAG	0.0012689
GCTCAT	0.000386186
GCTCCA	0.00259296
GCTCCC	0.00353084
GCTCCG	0.00110339
GCTCCT	0.00391703
GCTCGA	0.000386186
GCTCGC	0.000275847
GCTCGG	0.000331016
GCTCGT	0.000220677
GCTCTA	0.000220677
GCTCTC	0.000331016
GCTCTG	0.000717202
GCTCTT	0.000331016
GCTGAA	0.000551694
GCTGAC	0.000386186
GCTGAG	0.000441355
GCTGAT	0.000220677
GCTGCA	0.000937879
GCTGCC	0.00193093
GCTGCG	0.000331016
GCTGCT	0.00132406
GCTGGA	0.00115856
GCTGGC	0.00115856
GCTGGG	0.00148957
GCTGGT	0.000551694
GCTGTA	0.000165508
GCTGTC	0.000441355
GCTGTG	0.000551694
GCTGTT	0.000386186
GCTTAA	0.000441355
GCTTAC	0.000275847
GCTTAG	0.000275847
GCTTAT	0.000220677
GCTTCA	0.000496524
GCTTCC	0.00104822
GCTTCG	5.51694e-05
GCTTCT	0.000717202
GCTTGA	0.000496524
GCTTGC	0.000496524
GCTTGG	0.000496524
GCTTGT	0.000662032
GCTTTA	5.51694e-05
GCTTTC	0.000165508
GCTTTG	0.000165508
GCTTTT	0.000331016
GGAAAA	0.000386186
GGAAAC	0.000110339
GGAAAG	0.000220677
GGAAAT	5.51694e-05
GGAACA	0.000386186
GGAACC	0.000275847
GGAACG	0.000110339
GGAACT	0.000220677
GGAAGA	0.000275847
GGAAGC	0.000386186
GGAAGG	0.000386186
GGAAGT	0.000110339
GGAATA	0
GGAATC	0
GGAATG	0.000110339
GGAATT	0.000110339
GGACAA	0.000441355
GGACAC	0.000662032
GGACAG	0.000496524
GGACAT	0.000331016
GGACCA	0.000551694
GGACCC	0.0014344
GGACCG	0.000165508
GGACCT	0.00104822
GGACGA	0.000331016
GGACGC	0.000551694
GGACGG	5.51694e-05
GGACGT	5.51694e-05
GGACTA	0.000275847
GGACTC	0.000220677
GGACTG	0.000386186
GGACTT	0.000220677
GGAGAA	0.000331016
GGAGAC	0.000496524
GGAGAG	0.000496524
GGAGAT	0.000386186
GGAGCA	0.000717202
GGAGCC	0.000827541
GGAGCG	0.000220677
GGAGCT	0.000717202
GGAGGA	0.000772371
GGAGGC	0.000772371
GGAGGG	0.000496524
GGAGGT	0.000331016
GGAGTA	5.51694e-05
GGAGTC	5.51694e-05
GGAGTG	0.000165508
GGAGTT	0.000110339
GGATAA	0.000220677
GGATAC	5.51694e-05
GGATAG	5.51694e-05
GGATAT	5.51694e-05
GGATCA	0.000220677
GGATCC	0.000165508
GGATCG	5.51694e-05
GGATCT	0.000331016
GGATGA	0.000220677
GGATGC	0.000275847
GGATGG	0.000275847
GGATGT	0.000551694
GGATTA	5.51694e-05
GGATTC	5.51694e-05
GGATTG	0.000110339
GGATTT	5.51694e-05
GGCAAA	0.000331016
GGCAAC	0.000275847
GGCAAG	0.000110339
GGCAAT	0
GGCACA	0.000441355
GGCACC	0.000662032
GGCACG	5.51694e-05
GGCACT	0.000220677
GGCAGA	0.000220677
GGCAGC	0.000165508
GGCAGG	0.000386186
GGCAGT	0.000165508
GGCATA	5.51694e-05
GGCATC	0
GGCATG	0
GGCATT	0.000110339
GGCCAA	0.000275847
GGCCAC	0.000110339
GGCCAG	0.000551694
GGCCAT	0.000220677
GGCCCA	0.00088271
GGCCCC	0.00104822
GGCCCG	0.000275847
GGCCCT	0.0014344
GGCCGA	0.000220677
GGCCGC	0.000331016
GGCCGG	0.000386186
GGCCGT	0.000220677
GGCCTA	0.000110339
GGCCTC	0.000275847
GGCCTG	0.000331016
GGCCTT	0.000275847
GGCGAA	0
GGCGAC	5.51694e-05
GGCGAG	0.000165508
GGCGAT	0
GGCGCA	5.51694e-05
GGCGCC	0.000496524
GGCGCG	0
GGCGCT	0.000275847
GGCGGA	0.000110339
GGCGGC	0.000220677
GGCGGG	5.51694e-05
GGCGGT	5.51694e-05
GGCGTA	0
GGCGTC	5.51694e-05
GGCGTG	0
GGCGTT	5.51694e-05
GGCTAA	0.000110339
GGCTAC	0.000110339
GGCTAG	0
GGCTAT	0
GGCTCA	0.000386186
GGCTCC	0.000275847
GGCTCG	0
GGCTCT	0.000220677
GGCTGA	0.000331016
GGCTGC	0.000441355
GGCTGG	0.000386186
GGCTGT	0.000220677
GGCTTA	0
GGCTTC	5.51694e-05
GGCTTG	5.51694e-05
GGCTTT	0
GGGAAA	0.000110339
GGGAAC	0.000165508
GGGAAG	0.000110339
GGGAAT	0.000110339
GGGACA	0.000110339
GGGACC	0.000165508
GGGACG	0
GGGACT	0.000386186
GGGAGA	0.000275847
GGGAGC	0.000275847
GGGAGG	0.000220677
GGGAGT	0.000165508
GGGATA	0
GGGATC	0
GGGATG	0
GGGATT	0
GGGCAA	0.000110339
GGGCAC	0.000386186
GGGCAG	0.000441355
GGGCAT	0.000220677
GGGCCA	0.000551694
GGGCCC	0.00148957
GGGCCG	0.000275847
GGGCCT	0.00115856
GGGCGA	0.000165508
GGGCGC	0.000220677
GGGCGG	0.000331016
GGGCGT	0.000275847
GGGCTA	5.51694e-05
GGGCTC	0.000110339
GGGCTG	0.000110339
GGGCTT	0.000220677
GGGGAA	0.000331016
GGGGAC	0.000220677
GGGGAG	0.000441355
GGGGAT	0.000110339
GGGGCA	0.000275847
GGGGCC	0.000331016
GGGGCG	5.51694e-05
GGGGCT	0.000386186
GGGGGA	0.000275847
GGGGGC	0.000331016
GGGGGG	5.51694e-05
GGGGGT	0.000441355
GGGGTA	0
GGGGTC	0.000165508
GGGGTG	0
GGGGTT	0.000275847
GGGTAA	0.000110339
GGGTAC	0
GGGTAG	0
GGGTAT	0.000110339
GGGTCA	0.000220677
GGGTCC	0.000165508
GGGTCG	5.51694e-05
GGGTCT	0.000165508
GGGTGA	0.000110339
GGGTGC	0.000275847
GGGTGG	0.000496524
GGGTGT	0.000386186
GGGTTA	0
GGGTTC	0
GGGTTG	0
GGGTTT	5.51694e-05
GGTAAA	0
GGTAAC	5.51694e-05
GGTAAG	0
GGTAAT	0.000165508
GGTACA	0.000165508
GGTACC	0.000110339
GGTACG	0
GGTACT	0.000110339
GGTAGA	5.51694e-05
GGTAGC	0.000220677
GGTAGG	0
GGTAGT	0.000110339
GGTATA	0
GGTATC	0.000110339
GGTATG	0
GGTATT	5.51694e-05
GGTCAA	0.000331016
GGTCAC	0.000606863
GGTCAG	0.000551694
GGTCAT	0.000441355
GGTCCA	0.000441355
GGTCCC	0.00154474
GGTCCG	0.000165508
GGTCCT	0.00110339
GGTCGA	0.000220677
GGTCGC	0.000220677
GGTCGG	0.000110339
GGTCGT	5.51694e-05
GGTCTA	0.000275847
GGTCTC	0.000110339
GGTCTG	0.000275847
GGTCTT	0.000220677
GGTGAA	0.000165508
GGTGAC	0.000331016
GGTGAG	5.51694e-05
GGTGAT	0.000110339
GGTGCA	0.000551694
GGTGCC	0.00088271
GGTGCG	0.000110339
GGTGCT	0.000937879
GGTGGA	0.000496524
GGTGGC	0.000441355
GGTGGG	0.000606863
GGTGGT	0.000441355
GGTGTA	5.51694e-05
GGTGTC	0.000275847
GGTGTG	0.000331016
GGTGTT	0.000220677
GGTTAA	0.000220677
GGTTAC	0.000220677
GGTTAG	5.51694e-05
GGTTAT	0.000110339
GGTTCA	0.000165508
GGTTCC	0.000110339
GGTTCG	5.51694e-05
GGTTCT	0.000275847
GGTTGA	0.000220677
GGTTGC	0.000220677
GGTTGG	5.51694e-05
GGTTGT	0.000275847
GGTTTA	5.51694e-05
GGTTTC	0
GGTTTG	0.000165508
GGTTTT	0.000275847
GTAAAA	0.000386186
GTAAAC	0.000441355
GTAAAG	0.000275847
GTAAAT	0.000331016
GTAACA	0.000220677
GTAACC	0.000165508
GTAACG	5.51694e-05
GTAACT	0.000386186
GTAAGA	0.000220677
GTAAGC	5.51694e-05
GTAAGG	5.51694e-05
GTAAGT	5.51694e-05
GTAATA	5.51694e-05
GTAATC	0
GTAATG	5.51694e-05
GTAATT	0.000220677
GTACAA	0.000496524
GTACAC	0.000110339
GTACAG	0.000275847
GTACAT	0.000275847
GTACCA	0.000386186
GTACCC	0.000441355
GTACCG	5.51694e-05
GTACCT	0.000717202
GTACGA	0
GTACGC	0.000110339
GTACGG	0.000110339
GTACGT	0.000220677
GTACTA	5.51694e-05
GTACTC	0.000110339
GTACTG	0.000110339
GTACTT	0.000220677
GTAGAA	0.000275847
GTAGAC	5.51694e-05
GTAGAG	0.000110339
GTAGAT	0
GTAGCA	0.000331016
GTAGCC	0.000386186
GTAGCG	5.51694e-05
GTAGCT	0.000331016
GTAGGA	0.000165508
GTAGGC	0.000331016
GTAGGG	0.000441355
GTAGGT	5.51694e-05
GTAGTA	5.51694e-05
GTAGTC	0
GTAGTG	0.000110339
GTAGTT	0
GTATAA	0.000110339
GTATAC	0.000110339
GTATAG	0
GTATAT	0.000165508
GTATCA	0.000275847
GTATCC	0.000220677
GTATCG	0
GTATCT	0.000220677
GTATGA	0.000331016
GTATGC	5.51694e-05
GTATGG	0.000110339
GTATGT	0.000496524
GTATTA	0
GTATTC	0
GTATTG	0
GTATTT	0.000110339
GTCAAA	5.51694e-05
GTCAAC	0.000165508
GTCAAG	5.51694e-05
GTCAAT	0.000165508
GTCACA	0.000165508
GTCACC	0.000275847
GTCACG	0
GTCACT	0.000441355
GTCAGA	0
GTCAGC	0.000110339
GTCAGG	0.000275847
GTCAGT	0.000220677
GTCATA	0.000110339
GTCATC	5.51694e-05
GTCATG	0
GTCATT	0
GTCCAA	0.000110339
GTCCAC	0.000496524
GTCCAG	0.000275847
GTCCAT	0.000165508
GTCCCA	0.000827541
GTCCCC	0.0014344
GTCCCG	0.000331016
GTCCCT	0.000827541
GTCCGA	0.000110339
GTCCGC	0
GTCCGG	0.000220677
GTCCGT	0.000441355
GTCCTA	0.000331016
GTCCTC	0.000496524
GTCCTG	0.000165508
GTCCTT	0.000275847
GTCGAA	0
GTCGAC	0
GTCGAG	5.51694e-05
GTCGAT	0
GTCGCA	0
GTCGCC	0.000275847
GTCGCG	0
GTCGCT	0.000110339
GTCGGA	0.000110339
GTCGGC	0.000165508
GTCGGG	0.000220677
GTCGGT	5.51694e-05
GTCGTA	0
GTCGTC	0
GTCGTG	0
GTCGTT	5.51694e-05
GTCTAA	0.000165508
GTCTAC	0.000165508
GTCTAG	0.000220677
GTCTAT	0.000165508
GTCTCA	0.000331016
GTCTCC	0.000165508
GTCTCG	5.51694e-05
GTCTCT	0.000331016
GTCTGA	0.000331016
GTCTGC	0.000165508
GTCTGG	0.000441355
GTCTGT	0.000662032
GTCTTA	0
GTCTTC	5.51694e-05
GTCTTG	5.51694e-05
GTCTTT	0.000165508
GTGAAA	0.000110339
GTGAAC	5.51694e-05
GTGAAG	0.000110339
GTGAAT	5.51694e-05
GTGACA	5.51694e-05
GTGACC	0.000662032
GTGACG	0.000110339
GTGACT	0.000165508
GTGAGA	5.51694e-05
GTGAGC	0.000220677
GTGAGG	0.000220677
GTGAGT	0.000165508
GTGATA	5.51694e-05
GTGATC	0.000110339
GTGATG	0
GTGATT	0
GTGCAA	0.000110339
GTGCAC	0.000220677
GTGCAG	0.000331016
GTGCAT	0.000386186
GTGCCA	0.000551694
GTGCCC	0.00115856
GTGCCG	0.000110339
GTGCCT	0.0012689
GTGCGA	0
GTGCGC	0.000110339
GTGCGG	0.000110339
GTGCGT	0.000275847
GTGCTA	0
GTGCTC	5.51694e-05
GTGCTG	0.000165508
GTGCTT	0.000165508
GTGGAA	0.000220677
GTGGAC	0.000165508
GTGGAG	0.000165508
GTGGAT	0.000275847
GTGGCA	0.000496524
GTGGCC	0.000662032
GTGGCG	0.000110339
GTGGCT	0.000717202
GTGGGA	0.000551694
GTGGGC	0.000331016
GTGGGG	0.000386186
GTGGGT	0.000551694
GTGGTA	5.51694e-05
GTGGTC	0
GTGGTG	0
GTGGTT	0.000386186
GTGTAA	0.000386186
GTGTAC	0.000110339
GTGTAG	0.000220677
GTGTAT	0.000220677
GTGTCA	0.000165508
GTGTCC	0.000331016
GTGTCG	0
GTGTCT	0.000165508
GTGTGA	0.000165508
GTGTGC	0.000662032
GTGTGG	0.000496524
GTGTGT	0.000937879
GTGTTA	0
GTGTTC	0
GTGTTG	0.000110339
GTGTTT	0.000110339
GTTAAA	5.51694e-05
GTTAAC	0.000165508
GTTAAG	5.51694e-05
GTTAAT	0.000110339
GTTACA	0.000275847
GTTACC	0.000275847
GTTACG	0.000110339
GTTACT	0.000496524
GTTAGA	0.000110339
GTTAGC	0.000110339
GTTAGG	0.000165508
GTTAGT	0.000165508
GTTATA	5.51694e-05
GTTATC	5.51694e-05
GTTATG	5.51694e-05
GTTATT	5.51694e-05
GTTCAA	0.00088271
GTTCAC	0.000275847
GTTCAG	0.000441355
GTTCAT	0.000496524
GTTCCA	0.00154474
GTTCCC	0.00259296
GTTCCG	0.000110339
GTTCCT	0.00187576
GTTCGA	0.000110339
GTTCGC	0.000165508
GTTCGG	5.51694e-05
GTTCGT	5.51694e-05
GTTCTA	0.000331016
GTTCTC	0.000496524
GTTCTG	0.000386186
GTTCTT	0.000275847
GTTGAA	0.000165508
GTTGAC	0
GTTGAG	0.000110339
GTTGAT	0.000220677
GTTGCA	0.000331016
GTTGCC	0.000386186
GTTGCG	0.000110339
GTTGCT	0.000717202
GTTGGA	0.000606863
GTTGGC	0.000606863
GTTGGG	0.000441355
GTTGGT	0.000275847
GTTGTA	0
GTTGTC	5.51694e-05
GTTGTG	0
GTTGTT	0.000331016
GTTTAA	0.000772371
GTTTAC	0.000496524
GTTTAG	0.000441355
GTTTAT	0.000496524
GTTTCA	0.000165508
GTTTCC	0.000386186
GTTTCG	5.51694e-05
GTTTCT	0.000662032
GTTTGA	0.000165508
GTTTGC	0.000386186
GTTTGG	0.000551694
GTTTGT	0.00110339
GTTTTA	0.000275847
GTTTTC	0.000165508
GTTTTG	0.000110339
GTTTTT	0.000220677
TAAAAA	0.000331016
TAAAAC	0.000165508
TAAAAG	0.000220677
TAAAAT	0.000165508
TAAACA	0.000275847
TAAACC	0.000331016
TAAACG	0.000110339
TAAACT	0.000386186
TAAAGA	0.000441355
TAAAGC	0.000220677
TAAAGG	0.000110339
TAAAGT	0.000110339
TAAATA	0.000110339
TAAATC	0.000110339
TAAATG	0.000110339
TAAATT	5.51694e-05
TAACAA	0.000331016
TAACAC	0.000220677
TAACAG	0.000110339
TAACAT	0.000275847
TAACCA	0.000717202
TAACCC	0.000551694
TAACCG	5.51694e-05
TAACCT	0.000275847
TAACGA	0
TAACGC	0.000110339
TAACGG	0.000220677
TAACGT	0.000165508
TAACTA	0
TAACTC	0.000110339
TAACTG	5.51694e-05
TAACTT	0.000220677
TAAGAA	0.000220677
TAAGAC	0.000165508
TAAGAG	5.51694e-05
TAAGAT	0.000165508
TAAGCA	0.000331016
TAAGCC	0.000331016
TAAGCG	0.000220677
TAAGCT	0
TAAGGA	0.000331016
TAAGGC	0.000275847
TAAGGG	0.000275847
TAAGGT	0.000275847
TAAGTA	0
TAAGTC	0.000165508
TAAGTG	0.000110339
TAAGTT	5.51694e-05
TAATAA	0.000496524
TAATAC	5.51694e-05
TAATAG	5.51694e-05
TAATAT	0.000165508
TAATCA	0.000110339
TAATCC	0.000275847
TAATCG	0
TAATCT	0.000220677
TAATGA	0.000386186
TAATGC	5.51694e-05
TAATGG	0.000110339
TAATGT	0.000275847
TAATTA	0.000165508
TAATTC	5.51694e-05
TAATTG	5.51694e-05
TAATTT	0.000110339
TACAAA	5.51694e-05
TACAAC	0
TACAAG	5.51694e-05
TACAAT	0
TACACA	0.000110339
TACACC	0
TACACG	5.51694e-05
TACACT	0.000110339
TACAGA	0
TACAGC	5.51694e-05
TACAGG	0.000165508
TACAGT	5.51694e-05
TACATA	0
TACATC	0
TACATG	0
TACATT	0
TACCAA	5.51694e-05
TACCAC	0
TACCAG	0
TACCAT	5.51694e-05
TACCCA	0.000386186
TACCCC	0.000275847
TACCCG	5.51694e-05
TACCCT	0.000165508
TACCGA	5.51694e-05
TACCGC	5.51694e-05
TACCGG	0
TACCGT	0.000110339
TACCTA	5.51694e-05
TACCTC	0.000110339
TACCTG	0.000165508
TACCTT	5.51694e-05
TACGAA	0
TACGAC	0
TACGAG	0
TACGAT	0
TACGCA	0
TACGCC	5.51694e-05
TACGCG	0
TACGCT	0
TACGGA	5.51694e-05
TACGGC	0
TACGGG	0
TACGGT	0
TACGTA	0
TACGTC	0
TACGTG	0
TACGTT	0
TACTAA	0.000110339
TACTAC	5.51694e-05
TACTAG	0
TACTAT	5.51694e-05
TACTCA	0.000165508
TACTCC	0.000165508
TACTCG	5.51694e-05
TACTCT	0.000110339
TACTGA	0.000331016
TACTGC	0.000331016
TACTGG	0
TACTGT	5.51694e-05
TACTTA	0
TACTTC	0
TACTTG	0
TACTTT	0
TAGAAA	0.000110339
TAGAAC	0
TAGAAG	5.51694e-05
TAGAAT	0
TAGACA	0.000165508
TAGACC	0.000110339
TAGACG	0
TAGACT	5.51694e-05
TAGAGA	0
TAGAGC	0
TAGAGG	5.51694e-05
TAGAGT	5.51694e-05
TAGATA	0
TAGATC	0
TAGATG	0
TAGATT	5.51694e-05
TAGCAA	0.000331016
TAGCAC	0.000220677
TAGCAG	0.000165508
TAGCAT	5.51694e-05
TAGCCA	0.000386186
TAGCCC	0.000386186
TAGCCG	0.000110339
TAGCCT	0.000441355
TAGCGA	0
TAGCGC	0
TAGCGG	0
TAGCGT	0.000110339
TAGCTA	0
TAGCTC	0
TAGCTG	0.000275847
TAGCTT	0.000110339
TAGGAA	5.51694e-05
TAGGAC	0
TAGGAG	0
TAGGAT	5.51694e-05
TAGGCA	0
TAGGCC	0.000331016
TAGGCG	5.51694e-05
TAGGCT	0.000110339
TAGGGA	0.000110339
TAGGGC	0.000165508
TAGGGG	0.000165508
TAGGGT	0.000110339
TAGGTA	0
TAGGTC	5.51694e-05
TAGGTG	0
TAGGTT	5.51694e-05
TAGTAA	0.000165508
TAGTAC	0.000110339
TAGTAG	5.51694e-05
TAGTAT	0.000110339
TAGTCA	0.000165508
TAGTCC	5.51694e-05
TAGTCG	0
TAGTCT	0
TAGTGA	0.000110339
TAGTGC	5.51694e-05
TAGTGG	0.000275847
TAGTGT	0.000275847
TAGTTA	0
TAGTTC	0
TAGTTG	5.51694e-05
TAGTTT	0
TATAAA	0
TATAAC	0.000110339
TATAAG	5.51694e-05
TATAAT	0
TATACA	0.000110339
TATACC	0.000110339
TATACG	0
TATACT	5.51694e-05
TATAGA	5.51694e-05
TATAGC	0
TATAGG	0
TATAGT	0
TATATA	5.51694e-05
TATATC	5.51694e-05
TATATG	0
TATATT	0.000165508
TATCAA	0.000165508
TATCAC	0.000220677
TATCAG	5.51694e-05
TATCAT	0.000275847
TATCCA	0.000551694
TATCCC	0.000551694
TATCCG	0
TATCCT	0.000772371
TATCGA	5.51694e-05
TATCGC	0
TATCGG	5.51694e-05
TATCGT	0
TATCTA	0
TATCTC	0.000165508
TATCTG	0.000165508
TATCTT	5.51694e-05
TATGAA	0.000110339
TATGAC	0
TATGAG	0
TATGAT	5.51694e-05
TATGCA	0.000275847
TATGCC	0.000275847
TATGCG	0
TATGCT	0.000331016
TATGGA	0.000165508
TATGGC	5.51694e-05
TATGGG	0.000165508
TATGGT	0.000110339
TATGTA	0.000165508
TATGTC	0
TATGTG	0
TATGTT	0.000110339
TATTAA	0
TATTAC	0
TATTAG	0.000110339
TATTAT	0.000220677
TATTCA	0.000165508
TATTCC	0.000331016
TATTCG	5.51694e-05
TATTCT	0.000275847
TATTGA	5.51694e-05
TATTGC	0.000275847
TATTGG	5.51694e-05
TATTGT	0.000386186
TATTTA	0
TATTTC	0.000110339
TATTTG	5.51694e-05
TATTTT	0.000331016
TCAAAA	0.000496524
TCAAAC	0.000331016
TCAAAG	0.000220677
TCAAAT	0.000220677
TCAACA	0.000441355
TCAACC	0.000275847
TCAACG	0.000110339
TCAACT	0.000496524
TCAAGA	5.51694e-05
TCAAGC	0.000386186
TCAAGG	0.000441355
TCAAGT	0.000331016
TCAATA	0
TCAATC	0
TCAATG	0
TCAATT	0
TCACAA	0.000772371
TCACAC	0.000662032
TCACAG	0.000551694
TCACAT	0.000331016
TCACCA	0.00121373
TCACCC	0.00171025
TCACCG	0.000220677
TCACCT	0.00165508
TCACGA	0.000331016
TCACGC	0.000827541
TCACGG	0.000165508
TCACGT	0.000441355
TCACTA	0.000220677
TCACTC	0.000496524
TCACTG	0.000551694
TCACTT	0.000441355
TCAGAA	0.000496524
TCAGAC	0.000220677
TCAGAG	0.000386186
TCAGAT	0.000110339
TCAGCA	0.000827541
TCAGCC	0.0012689
TCAGCG	0.000165508
TCAGCT	0.000993049
TCAGGA	0.000717202
TCAGGC	0.000606863
TCAGGG	0.000496524
TCAGGT	0.000386186
TCAGTA	5.51694e-05
TCAGTC	0.000110339
TCAGTG	0.000220677
TCAGTT	0.000331016
TCATAA	0.000441355
TCATAC	0.000275847
TCATAG	0.000165508
TCATAT	0.000220677
TCATCA	0.000386186
TCATCC	0.000386186
TCATCG	0
TCATCT	0.000331016
TCATGA	0.000606863
TCATGC	0.000937879
TCATGG	0.000606863
TCATGT	0.000496524
TCATTA	5.51694e-05
TCATTC	0
TCATTG	5.51694e-05
TCATTT	0.000220677
TCCAAA	0.000275847
TCCAAC	0
TCCAAG	0
TCCAAT	5.51694e-05
TCCACA	0.000220677
TCCACC	0.000275847
TCCACG	5.51694e-05
TCCACT	0.000110339
TCCAGA	0.000220677
TCCAGC	0.000165508
TCCAGG	0.000386186
TCCAGT	0.000386186
TCCATA	0
TCCATC	0.000110339
TCCATG	0
TCCATT	0
TCCCAA	0.000662032
TCCCAC	0.000662032
TCCCAG	0.000993049
TCCCAT	0.000662032
TCCCCA	0.00204127
TCCCCC	0.00176542
TCCCCG	0.000386186
TCCCCT	0.00165508
TCCCGA	0.000275847
TCCCGC	0.000441355
TCCCGG	0.000496524
TCCCGT	0
TCCCTA	0.000275847
TCCCTC	0.000386186
TCCCTG	0.00088271
TCCCTT	0.000772371
TCCGAA	0.000110339
TCCGAC	0.000110339
TCCGAG	0.000110339
TCCGAT	0
TCCGCA	0
TCCGCC	0.000441355
TCCGCG	0.000110339
TCCGCT	0.000165508
TCCGGA	0.000165508
TCCGGC	5.51694e-05
TCCGGG	0
TCCGGT	0.000165508
TCCGTA	0
TCCGTC	0.000110339
TCCGTG	0
TCCGTT	5.51694e-05
TCCTAA	5.51694e-05
TCCTAC	0.000331016
TCCTAG	0.000441355
TCCTAT	5.51694e-05
TCCTCA	0.000220677
TCCTCC	0.000717202
TCCTCG	5.51694e-05
TCCTCT	0.000606863
TCCTGA	0.000662032
TCCTGC	0.000606863
TCCTGG	0.000937879
TCCTGT	0.000441355
TCCTTA	5.51694e-05
TCCTTC	0.000165508
TCCTTG	0.000110339
TCCTTT	0.000165508
TCGAAA	0
TCGAAC	0
TCGAAG	0
TCGAAT	5.51694e-05
TCGACA	0
TCGACC	0.000110339
TCGACG	0
TCGACT	0
TCGAGA	5.51694e-05
TCGAGC	5.51694e-05
TCGAGG	0
TCGAGT	5.51694e-05
TCGATA	5.51694e-05
TCGATC	0
TCGATG	0
TCGATT	0
TCGCAA	0.000110339
TCGCAC	5.51694e-05
TCGCAG	0.000165508
TCGCAT	5.51694e-05
TCGCCA	0.000496524
TCGCCC	0.000496524
TCGCCG	0.000110339
TCGCCT	0.000441355
TCGCGA	5.51694e-05
TCGCGC	0.000165508
TCGCGG	5.51694e-05
TCGCGT	5.51694e-05
TCGCTA	0
TCGCTC	5.51694e-05
TCGCTG	0
TCGCTT	0.000110339
TCGGAA	0.000275847
TCGGAC	5.51694e-05
TCGGAG	5.51694e-05
TCGGAT	0.000165508
TCGGCA	5.51694e-05
TCGGCC	0.000165508
TCGGCG	0.000110339
TCGGCT	0.000165508
TCGGGA	0.000165508
TCGGGC	0.000220677
TCGGGG	0.000386186
TCGGGT	0.000165508
TCGGTA	5.51694e-05
TCGGTC	5.51694e-05
TCGGTG	5.51694e-05
TCGGTT	0
TCGTAA	0.000110339
TCGTAC	0
TCGTAG	5.51694e-05
TCGTAT	0
TCGTCA	5.51694e-05
TCGTCC	0.000220677
TCGTCG	0
TCGTCT	0.000165508
TCGTGA	0.000220677
TCGTGC	0.000220677
TCGTGG	0.000165508
TCGTGT	0
TCGTTA	0
TCGTTC	0
TCGTTG	0
TCGTTT	0.000110339
TCTAAA	0.000165508
TCTAAC	0.000165508
TCTAAG	0.000165508
TCTAAT	0.000386186
TCTACA	0.000165508
TCTACC	0.000331016
TCTACG	0
TCTACT	0.000110339
TCTAGA	0.000110339
TCTAGC	0.000275847
TCTAGG	0.000275847
TCTAGT	0.000386186
TCTATA	5.51694e-05
TCTATC	0
TCTATG	0.000165508
TCTATT	0.000110339
TCTCAA	0.000827541
TCTCAC	0.000662032
TCTCAG	0.00115856
TCTCAT	0.000386186
TCTCCA	0.00248262
TCTCCC	0.00507558
TCTCCG	0.000386186
TCTCCT	0.00364118
TCTCGA	0.000441355
TCTCGC	0.000551694
TCTCGG	0.000606863
TCTCGT	0.000496524
TCTCTA	0.000606863
TCTCTC	0.000551694
TCTCTG	0.00088271
TCTCTT	0.000827541
TCTGAA	0.000275847
TCTGAC	0.000220677
TCTGAG	0.000165508
TCTGAT	0.000220677
TCTGCA	0.000937879
TCTGCC	0.00121373
TCTGCG	5.51694e-05
TCTGCT	0.000606863
TCTGGA	0.000772371
TCTGGC	0.000772371
TCTGGG	0.00110339
TCTGGT	0.000496524
TCTGTA	5.51694e-05
TCTGTC	0.000331016
TCTGTG	0.000275847
TCTGTT	0.000331016
TCTTAA	0.000606863
TCTTAC	0.000717202
TCTTAG	0.000441355
TCTTAT	0.000275847
TCTTCA	0.000827541
TCTTCC	0.00115856
TCTTCG	5.51694e-05
TCTTCT	0.000772371
TCTTGA	0.000827541
TCTTGC	0.000386186
TCTTGG	0.00088271
TCTTGT	0.00088271
TCTTTA	0.000165508
TCTTTC	0.000220677
TCTTTG	5.51694e-05
TCTTTT	0.000441355
TGAAAA	0.000165508
TGAAAC	0.000220677
TGAAAG	0.000165508
TGAAAT	0.000275847
TGAACA	0.000331016
TGAACC	0.000551694
TGAACG	0.000110339
TGAACT	5.51694e-05
TGAAGA	5.51694e-05
TGAAGC	0.000220677
TGAAGG	0.000220677
TGAAGT	5.51694e-05
TGAATA	0
TGAATC	0
TGAATG	0
TGAATT	0
TGACAA	0.000165508
TGACAC	0.000275847
TGACAG	0.000386186
TGACAT	0.000220677
TGACCA	0.000386186
TGACCC	0.00088271
TGACCG	0
TGACCT	0.000827541
TGACGA	5.51694e-05
TGACGC	0.000110339
TGACGG	5.51694e-05
TGACGT	0
TGACTA	0.000165508
TGACTC	0.000165508
TGACTG	0.000110339
TGACTT	5.51694e-05
TGAGAA	0.000165508
TGAGAC	0.000220677
TGAGAG	0.000220677
TGAGAT	0.000165508
TGAGCA	0.000275847
TGAGCC	0.000772371
TGAGCG	5.51694e-05
TGAGCT	0.000441355
TGAGGA	0.000441355
TGAGGC	0.000110339
TGAGGG	0.000386186
TGAGGT	0.000220677
TGAGTA	0.000110339
TGAGTC	0
TGAGTG	0
TGAGTT	0.000165508
TGATAA	0.000331016
TGATAC	0.000275847
TGATAG	0
TGATAT	0.000165508
TGATCA	0
TGATCC	0.000110339
TGATCG	0
TGATCT	0
TGATGA	0.000386186
TGATGC	0.000496524
TGATGG	0.000110339
TGATGT	0.000220677
TGATTA	5.51694e-05
TGATTC	0.000110339
TGATTG	5.51694e-05
TGATTT	0.000331016
TGCAAA	0.000220677
TGCAAC	0
TGCAAG	0.000165508
TGCAAT	0.000110339
TGCACA	0.000551694
TGCACC	0.000275847
TGCACG	0
TGCACT	0.000220677
TGCAGA	0.000220677
TGCAGC	0.000165508
TGCAGG	0.000110339
TGCAGT	0.000165508
TGCATA	0
TGCATC	0
TGCATG	5.51694e-05
TGCATT	0
TGCCAA	0.000551694
TGCCAC	0.000606863
TGCCAG	0.000496524
TGCCAT	0.000165508
TGCCCA	0.00154474
TGCCCC	0.00159991
TGCCCG	0.000331016
TGCCCT	0.000937879
TGCCGA	0.000275847
TGCCGC	0.000331016
TGCCGG	0.000165508
TGCCGT	5.51694e-05
TGCCTA	0.000110339
TGCCTC	0.000220677
TGCCTG	0.000386186
TGCCTT	0.000441355
TGCGAA	0
TGCGAC	0
TGCGAG	5.51694e-05
TGCGAT	0
TGCGCA	5.51694e-05
TGCGCC	0.000441355
TGCGCG	0
TGCGCT	5.51694e-05
TGCGGA	0
TGCGGC	0.000110339
TGCGGG	5.51694e-05
TGCGGT	0
TGCGTA	0
TGCGTC	5.51694e-05
TGCGTG	0.000110339
TGCGTT	0
TGCTAA	0.000110339
TGCTAC	5.51694e-05
TGCTAG	0.000110339
TGCTAT	0.000165508
TGCTCA	0.000220677
TGCTCC	0.000220677
TGCTCG	5.51694e-05
TGCTCT	0.000275847
TGCTGA	0.000441355
TGCTGC	0.000551694
TGCTGG	0.000717202
TGCTGT	0.000496524
TGCTTA	0
TGCTTC	5.51694e-05
TGCTTG	0.000331016
TGCTTT	5.51694e-05
TGGAAA	0.000110339
TGGAAC	5.51694e-05
TGGAAG	0.000165508
TGGAAT	5.51694e-05
TGGACA	0.000110339
TGGACC	0.000110339
TGGACG	0.000165508
TGGACT	0.000220677
TGGAGA	0.000220677
TGGAGC	5.51694e-05
TGGAGG	0.000110339
TGGAGT	0.000165508
TGGATA	5.51694e-05
TGGATC	0
TGGATG	0
TGGATT	0
TGGCAA	0.000220677
TGGCAC	0.000441355
TGGCAG	0.000331016
TGGCAT	0.000165508
TGGCCA	0.00115856
TGGCCC	0.000937879
TGGCCG	0.000331016
TGGCCT	0.000827541
TGGCGA	5.51694e-05
TGGCGC	0.000110339
TGGCGG	0.000165508
TGGCGT	0.000110339
TGGCTA	0.000110339
TGGCTC	0.000220677
TGGCTG	0.000275847
TGGCTT	0.000220677
TGGGAA	0.000662032
TGGGAC	0.000110339
TGGGAG	0.000275847
TGGGAT	0.000220677
TGGGCA	0.000496524
TGGGCC	0.000386186
TGGGCG	5.51694e-05
TGGGCT	0.000496524
TGGGGA	0.000496524
TGGGGC	0.000275847
TGGGGG	0.000275847
TGGGGT	0.000386186
TGGGTA	5.51694e-05
TGGGTC	0
TGGGTG	0.000220677
TGGGTT	0
TGGTAA	0.000275847
TGGTAC	0.000110339
TGGTAG	5.51694e-05
TGGTAT	0.000110339
TGGTCA	0
TGGTCC	0.000110339
TGGTCG	0
TGGTCT	0
TGGTGA	0.000220677
TGGTGC	0.000441355
TGGTGG	5.51694e-05
TGGTGT	0.000165508
TGGTTA	5.51694e-05
TGGTTC	0.000110339
TGGTTG	5.51694e-05
TGGTTT	0.000110339
TGTAAA	0.000331016
TGTAAC	0.000220677
TGTAAG	0.000110339
TGTAAT	0.000110339
TGTACA	0.000110339
TGTACC	5.51694e-05
TGTACG	0
TGTACT	0.000220677
TGTAGA	0.000110339
TGTAGC	0.000110339
TGTAGG	0
TGTAGT	0.000165508
TGTATA	0
TGTATC	5.51694e-05
TGTATG	0.000220677
TGTATT	0
TGTCAA	0.000275847
TGTCAC	0.000662032
TGTCAG	0.000441355
TGTCAT	0.000386186
TGTCCA	0.00204127
TGTCCC	0.00297915
TGTCCG	0.000386186
TGTCCT	0.00176542
TGTCGA	0.000110339
TGTCGC	0.000220677
TGTCGG	0.000110339
TGTCGT	0.000165508
TGTCTA	0.000275847
TGTCTC	0.000386186
TGTCTG	0.000331016
TGTCTT	0.000386186
TGTGAA	0.000386186
TGTGAC	0.000275847
TGTGAG	0.000220677
TGTGAT	0.000331016
TGTGCA	0.000496524
TGTGCC	0.00121373
TGTGCG	0.000165508
TGTGCT	0.000993049
TGTGGA	0.000551694
TGTGGC	0.000772371
TGTGGG	0.000496524
TGTGGT	0.000220677
TGTGTA	5.51694e-05
TGTGTC	0.000110339
TGTGTG	0.000551694
TGTGTT	0.000331016
TGTTAA	0.000220677
TGTTAC	0.000165508
TGTTAG	0.000165508
TGTTAT	0.000551694
TGTTCA	0.000220677
TGTTCC	0.000386186
TGTTCG	5.51694e-05
TGTTCT	0.000496524
TGTTGA	0.000275847
TGTTGC	0.000275847
TGTTGG	0.000386186
TGTTGT	0.000275847
TGTTTA	0.000165508
TGTTTC	5.51694e-05
TGTTTG	5.51694e-05
TGTTTT	0.000220677
TTAAAA	0.000827541
TTAAAC	0.000165508
TTAAAG	0.000220677
TTAAAT	0.000331016
TTAACA	0.000606863
TTAACC	0.000386186
TTAACG	0.000110339
TTAACT	0.000275847
TTAAGA	0.000331016
TTAAGC	0.000386186
TTAAGG	0.000275847
TTAAGT	0.000220677
TTAATA	0
TTAATC	0
TTAATG	5.51694e-05
TTAATT	0
TTACAA	0.000441355
TTACAC	0.000441355
TTACAG	0.000551694
TTACAT	0.000275847
TTACCA	0.000441355
TTACCC	0.000662032
TTACCG	5.51694e-05
TTACCT	0.000606863
TTACGA	5.51694e-05
TTACGC	5.51694e-05
TTACGG	0.000165508
TTACGT	0.000220677
TTACTA	0.000496524
TTACTC	0.000110339
TTACTG	0.000275847
TTACTT	0.000386186
TTAGAA	0.000496524
TTAGAC	0.000165508
TTAGAG	0.000165508
TTAGAT	0.000331016
TTAGCA	0.000331016
TTAGCC	0.000165508
TTAGCG	5.51694e-05
TTAGCT	0.000717202
TTAGGA	0.000386186
TTAGGC	0.000165508
TTAGGG	0.000165508
TTAGGT	0.000220677
TTAGTA	5.51694e-05
TTAGTC	0.000220677
TTAGTG	0
TTAGTT	0.000220677
TTATAA	0.000441355
TTATAC	0.000110339
TTATAG	0.000275847
TTATAT	0.000275847
TTATCA	0.000165508
TTATCC	0.000220677
TTATCG	5.51694e-05
TTATCT	0.000220677
TTATGA	0.000441355
TTATGC	0.000275847
TTATGG	0.000165508
TTATGT	0.000827541
TTATTA	0.000110339
TTATTC	0.000110339
TTATTG	0.000220677
TTATTT	0.000275847
TTCAAA	0.000275847
TTCAAC	0
TTCAAG	0.000165508
TTCAAT	0.000110339
TTCACA	0
TTCACC	0.000165508
TTCACG	0.000165508
TTCACT	0.000110339
TTCAGA	0.000386186
TTCAGC	0.000165508
TTCAGG	5.51694e-05
TTCAGT	0.000110339
TTCATA	0.000110339
TTCATC	5.51694e-05
TTCATG	0.000110339
TTCATT	0.000110339
TTCCAA	0.000551694
TTCCAC	0.000165508
TTCCAG	0.000551694
TTCCAT	0.000110339
TTCCCA	0.0012689
TTCCCC	0.00148957
TTCCCG	0.000331016
TTCCCT	0.0014344
TTCCGA	0.000165508
TTCCGC	0.000110339
TTCCGG	0.000220677
TTCCGT	0.000275847
TTCCTA	0.000441355
TTCCTC	0.000386186
TTCCTG	0.000662032
TTCCTT	0.000606863
TTCGAA	0
TTCGAC	0
TTCGAG	5.51694e-05
TTCGAT	0
TTCGCA	0
TTCGCC	0.000220677
TTCGCG	5.51694e-05
TTCGCT	0.000110339
TTCGGA	5.51694e-05
TTCGGC	0.000165508
TTCGGG	5.51694e-05
TTCGGT	0
TTCGTA	0
TTCGTC	0.000110339
TTCGTG	0
TTCGTT	0
TTCTAA	5.51694e-05
TTCTAC	0.000275847
TTCTAG	0.000220677
TTCTAT	0.000165508
TTCTCA	0.000275847
TTCTCC	0.000386186
TTCTCG	0.000275847
TTCTCT	0.000551694
TTCTGA	0.000827541
TTCTGC	0.000275847
TTCTGG	0.000441355
TTCTGT	0.000551694
TTCTTA	0.000165508
TTCTTC	0.000165508
TTCTTG	0
TTCTTT	0
TTGAAA	0.000275847
TTGAAC	5.51694e-05
TTGAAG	0.000165508
TTGAAT	0.000110339
TTGACA	0
TTGACC	0.000220677
TTGACG	0
TTGACT	0.000165508
TTGAGA	0.000275847
TTGAGC	0.000110339
TTGAGG	5.51694e-05
TTGAGT	0.000110339
TTGATA	0
TTGATC	0
TTGATG	0
TTGATT	0
TTGCAA	0.000110339
TTGCAC	0.000110339
TTGCAG	0
TTGCAT	0.000165508
TTGCCA	0.000772371
TTGCCC	0.000606863
TTGCCG	0
TTGCCT	0.000772371
TTGCGA	0.000110339
TTGCGC	5.51694e-05
TTGCGG	0.000165508
TTGCGT	0.000220677
TTGCTA	0.000110339
TTGCTC	0.000165508
TTGCTG	0.000386186
TTGCTT	0.000110339
TTGGAA	0.000496524
TTGGAC	5.51694e-05
TTGGAG	0.000386186
TTGGAT	0.000110339
TTGGCA	0.000220677
TTGGCC	0.000331016
TTGGCG	5.51694e-05
TTGGCT	0.000331016
TTGGGA	0.000275847
TTGGGC	5.51694e-05
TTGGGG	0.000386186
TTGGGT	0.000220677
TTGGTA	5.51694e-05
TTGGTC	0
TTGGTG	5.51694e-05
TTGGTT	5.51694e-05
TTGTAA	0.000165508
TTGTAC	5.51694e-05
TTGTAG	0.000165508
TTGTAT	0.000275847
TTGTCA	0.000165508
TTGTCC	0.000220677
TTGTCG	5.51694e-05
TTGTCT	0.000220677
TTGTGA	0.000220677
TTGTGC	0.000165508
TTGTGG	0.000275847
TTGTGT	0.000441355
TTGTTA	0.000110339
TTGTTC	0
TTGTTG	5.51694e-05
TTGTTT	0.000275847
TTTAAA	0.000386186
TTTAAC	0.000110339
TTTAAG	0.000220677
TTTAAT	0.000165508
TTTACA	0.000220677
TTTACC	0.000275847
TTTACG	5.51694e-05
TTTACT	0.000386186
TTTAGA	0.000331016
TTTAGC	5.51694e-05
TTTAGG	5.51694e-05
TTTAGT	0.000331016
TTTATA	0.000220677
TTTATC	5.51694e-05
TTTATG	5.51694e-05
TTTATT	0.000220677
TTTCAA	0.000993049
TTTCAC	0.000551694
TTTCAG	0.000441355
TTTCAT	0.000827541
TTTCCA	0.00171025
TTTCCC	0.00226194
TTTCCG	0.000110339
TTTCCT	0.00165508
TTTCGA	0.000110339
TTTCGC	0.000275847
TTTCGG	5.51694e-05
TTTCGT	5.51694e-05
TTTCTA	0.000551694
TTTCTC	0.000496524
TTTCTG	0.000441355
TTTCTT	0.000496524
TTTGAA	0.000220677
TTTGAC	0.000165508
TTTGAG	0
TTTGAT	0.000220677
TTTGCA	0.000551694
TTTGCC	0.000386186
TTTGCG	0
TTTGCT	0.00088271
TTTGGA	0.000606863
TTTGGC	0.000551694
TTTGGG	0.000606863
TTTGGT	0.000551694
TTTGTA	0
TTTGTC	5.51694e-05
TTTGTG	0.000220677
TTTGTT	0.000496524
TTTTAA	0.00110339
TTTTAC	0.000662032
TTTTAG	0.000275847
TTTTAT	0.000662032
TTTTCA	0.000386186
TTTTCC	0.000717202
TTTTCG	5.51694e-05
TTTTCT	0.000441355
TTTTGA	0.000275847
TTTTGC	0.000717202
TTTTGG	0.000606863
TTTTGT	0.000772371
TTTTTA	5.51694e-05
TTTTTC	0.000220677
TTTTTG	0.000275847
TTTTTT	0.000386186
