kmer	count
AAAAAA	0.254542
AAAAAC	0.258673
AAAAAG	0.318079
AAAAAT	0.0675038
AAAACA	0.511872
AAAACC	0.52076
AAAACG	0.457362
AAAACT	0.44792
AAAAGA	0.448469
AAAAGC	0.251793
AAAAGG	0.27622
AAAAGT	0.162252
AAAATA	0.26779
AAAATC	0.105899
AAAATG	0.199374
AAAATT	0.103724
AAACAA	0.895263
AAACAC	0.845702
AAACAG	0.832227
AAACAT	0.724431
AAACCA	1.31378
AAACCC	1.75322
AAACCG	1.16165
AAACCT	1.20309
AAACGA	1.08199
AAACGC	0.998672
AAACGG	0.588038
AAACGT	0.864604
AAACTA	0.345274
AAACTC	0.672468
AAACTG	0.697641
AAACTT	0.63969
AAAGAA	0.671447
AAAGAC	0.49776
AAAGAG	0.282048
AAAGAT	0.245016
AAAGCA	1.07891
AAAGCC	0.880279
AAAGCG	0.356587
AAAGCT	0.588953
AAAGGA	0.858722
AAAGGC	0.5599
AAAGGG	0.626152
AAAGGT	0.756928
AAAGTA	0.473669
AAAGTC	0.189728
AAAGTG	0.283739
AAAGTT	0.158849
AAATAA	0.673741
AAATAC	0.453774
AAATAG	0.335724
AAATAT	0.392512
AAATCA	0.180332
AAATCC	0.460701
AAATCG	0
AAATCT	0.505738
AAATGA	0.990056
AAATGC	0.493093
AAATGG	0.59866
AAATGT	1.15597
AAATTA	0.377564
AAATTC	0.225013
AAATTG	0.0583327
AAATTT	0.45083
AACAAA	0.113723
AACAAC	0.139947
AACAAG	0.166095
AACAAT	0.234923
AACACA	0.398093
AACACC	0.780819
AACACG	0
AACACT	0.570669
AACAGA	0.304909
AACAGC	0.421477
AACAGG	0.212084
AACAGT	0.253479
AACATA	0.234923
AACATC	0.539456
AACATG	0.0932288
AACATT	0.11015
AACCAA	0.427906
AACCAC	0.575434
AACCAG	0.386033
AACCAT	0.201434
AACCCA	1.26385
AACCCC	0.933168
AACCCG	0.686044
AACCCT	0.642949
AACCGA	0.335724
AACCGC	0.25046
AACCGG	0
AACCGT	1.42153
AACCTA	0.673837
AACCTC	0.290284
AACCTG	0.649724
AACCTT	0.50092
AACGAA	0.216151
AACGAC	0.471015
AACGAG	0.239076
AACGAT	0
AACGCA	0
AACGCC	0.279275
AACGCG	0
AACGCT	0.272052
AACGGA	0
AACGGC	0
AACGGG	0
AACGGT	0.976021
AACGTA	0
AACGTC	0.432301
AACGTG	0
AACGTT	0
AACTAA	0.43349
AACTAC	0
AACTAG	0.452444
AACTAT	0.244635
AACTCA	0.0572741
AACTCC	0.09241
AACTCG	0.31558
AACTCT	0.167564
AACTGA	0.378509
AACTGC	0.388805
AACTGG	0.128024
AACTGT	0.425637
AACTTA	0.377941
AACTTC	0.174676
AACTTG	0.424548
AACTTT	0.158318
AAGAAA	0.284136
AAGAAC	0.150995
AAGAAG	0.131218
AAGAAT	0.159116
AAGACA	0.442778
AAGACC	0.38219
AAGACG	0.208993
AAGACT	0.599961
AAGAGA	0.277366
AAGAGC	0.402015
AAGAGG	0.104844
AAGAGT	0.0599961
AAGATA	0.0756788
AAGATC	0.150995
AAGATG	0.128458
AAGATT	0.129072
AAGCAA	0.515395
AAGCAC	0.75276
AAGCAG	0.55194
AAGCAT	0.675364
AAGCCA	1.38564
AAGCCC	1.57313
AAGCCG	0.888961
AAGCCT	1.18838
AAGCGA	0.717227
AAGCGC	0.530387
AAGCGG	0.202295
AAGCGT	0.464088
AAGCTA	0.464088
AAGCTC	0.22146
AAGCTG	0.353702
AAGCTT	0.330798
AAGGAA	0.388705
AAGGAC	0.220173
AAGGAG	0.353393
AAGGAT	0.395299
AAGGCA	0.463521
AAGGCC	0.494639
AAGGCG	0.339333
AAGGCT	0.608686
AAGGGA	0.443343
AAGGGC	0.327026
AAGGGG	0.304909
AAGGGT	0.358614
AAGGTA	0.793358
AAGGTC	0.077729
AAGGTG	0.250792
AAGGTT	0.519779
AAGTAA	0.591714
AAGTAC	0.678665
AAGTAG	0.355383
AAGTAT	0.48801
AAGTCA	0.277636
AAGTCC	0.379304
AAGTCG	0.335724
AAGTCT	0.177959
AAGTGA	0.723284
AAGTGC	0.553651
AAGTGG	0.491323
AAGTGT	0.623227
AAGTTA	0.238473
AAGTTC	0.214195
AAGTTG	0.0686045
AAGTTT	0.157005
AATAAA	0.140009
AATAAC	0.279275
AATAAG	0.148859
AATAAT	0.157266
AATACA	0.400032
AATACC	0.500923
AATACG	0
AATACT	0.265939
AATAGA	0.290188
AATAGC	0.659752
AATAGG	0.223025
AATAGT	0.32202
AATATA	0.126739
AATATC	0
AATATG	0.233187
AATATT	0.154444
AATCAA	0.668289
AATCAC	0.619999
AATCAG	0.18897
AATCAT	0.69443
AATCCA	2.1872
AATCCC	1.12862
AATCCG	0
AATCCT	1.98156
AATCGA	0.819689
AATCGC	0
AATCGG	0.50092
AATCGT	0.78895
AATCTA	0.624912
AATCTC	0.135442
AATCTG	0.210855
AATCTT	0.441811
AATGAA	0.155077
AATGAC	0.305646
AATGAG	0.190396
AATGAT	0.270305
AATGCA	0.49916
AATGCC	1.30765
AATGCG	0.40459
AATGCT	0.980444
AATGGA	0.84241
AATGGC	0.536019
AATGGG	0.114965
AATGGT	0.92079
AATGTA	0.153567
AATGTC	0.404591
AATGTG	0.204259
AATGTT	0.189348
AATTAA	0.20934
AATTAC	0.655507
AATTAG	0.28482
AATTAT	0.253479
AATTCA	0.351295
AATTCC	0.166533
AATTCG	0
AATTCT	0.389607
AATTGA	0.761456
AATTGC	0.358615
AATTGG	0.348066
AATTGT	0.564978
AATTTA	0.320386
AATTTC	0.274418
AATTTG	0.114134
AATTTT	0.173714
ACAAAA	0.875988
ACAAAC	1.21767
ACAAAG	0.5267
ACAAAT	0.274418
ACAACA	1.78235
ACAACC	1.4118
ACAACG	0.595434
ACAACT	1.67629
ACAAGA	1.16694
ACAAGC	0.747819
ACAAGG	0.893678
ACAAGT	1.22003
ACAATA	0.263716
ACAATC	0
ACAATG	0.662639
ACAATT	0.32202
ACACAA	2.29166
ACACAC	1.72981
ACACAG	1.93212
ACACAT	1.46892
ACACCA	3.09661
ACACCC	4.60126
ACACCG	1.99504
ACACCT	3.84149
ACACGA	2.2838
ACACGC	1.33579
ACACGG	1.00362
ACACGT	2.38174
ACACTA	1.24422
ACACTC	1.72448
ACACTG	1.42075
ACACTT	1.48913
ACAGAA	1.13609
ACAGAC	1.25367
ACAGAG	0.806881
ACAGAT	0.807884
ACAGCA	2.05094
ACAGCC	1.86433
ACAGCG	0.284307
ACAGCT	2.20442
ACAGGA	1.46899
ACAGGC	1.46715
ACAGGG	0.627856
ACAGGT	1.32783
ACAGTA	0.304908
ACAGTC	0.567337
ACAGTG	0.404118
ACAGTT	0.563535
ACATAA	1.57376
ACATAC	1.43039
ACATAG	1.60805
ACATAT	1.71046
ACATCA	1.50012
ACATCC	0.971802
ACATCG	0.595434
ACATCT	1.22556
ACATGA	2.41846
ACATGC	1.68137
ACATGG	1.59257
ACATGT	2.41326
ACATTA	0.544102
ACATTC	0.289523
ACATTG	0.387691
ACATTT	0.525968
ACCAAA	0.376814
ACCAAC	0.383918
ACCAAG	0.265193
ACCAAT	0.56964
ACCACA	0.438596
ACCACC	1.18112
ACCACG	0.312457
ACCACT	0.810402
ACCAGA	0.647088
ACCAGC	0.533677
ACCAGG	0.244636
ACCAGT	1.08821
ACCATA	0.529497
ACCATC	0.384853
ACCATG	0.176056
ACCATT	0.0792915
ACCCAA	1.11658
ACCCAC	1.07203
ACCCAG	0.699624
ACCCAT	0.507829
ACCCCA	2.24099
ACCCCC	2.89867
ACCCCG	0.584408
ACCCCT	2.36044
ACCCGA	1.85635
ACCCGC	0.640772
ACCCGG	0.559541
ACCCGT	0.776017
ACCCTA	1.332
ACCCTC	0.655507
ACCCTG	0.913256
ACCCTT	0.938797
ACCGAA	0
ACCGAC	0.42646
ACCGAG	0.301991
ACCGAT	1.40258
ACCGCA	0.245588
ACCGCC	1.04497
ACCGCG	0
ACCGCT	1.43446
ACCGGA	0.63116
ACCGGC	0.256569
ACCGGG	0
ACCGGT	0.509001
ACCGTA	0
ACCGTC	0.7635
ACCGTG	0.235507
ACCGTT	0.63116
ACCTAA	0.769709
ACCTAC	1.13074
ACCTAG	0.993087
ACCTAT	0.704419
ACCTCA	0.363875
ACCTCC	0.820969
ACCTCG	0.38801
ACCTCT	0.667894
ACCTGA	0.877967
ACCTGC	0.693582
ACCTGG	0.884805
ACCTGT	1.27217
ACCTTA	0.231194
ACCTTC	0.163796
ACCTTG	0.221849
ACCTTT	0.549366
ACGAAA	0
ACGAAC	0.606884
ACGAAG	0.239076
ACGAAT	0
ACGACA	1.40884
ACGACC	0.888958
ACGACG	0
ACGACT	0
ACGAGA	0.644041
ACGAGC	0.303442
ACGAGG	0
ACGAGT	0.354584
ACGATA	0.595433
ACGATC	0
ACGATG	0.265193
ACGATT	0
ACGCAA	0.294934
ACGCAC	0.950543
ACGCAG	0.948093
ACGCAT	0.306389
ACGCCA	2.02667
ACGCCC	2.04923
ACGCCG	0.525966
ACGCCT	2.6038
ACGCGA	3.15581
ACGCGC	1.018
ACGCGG	0.888958
ACGCGT	0
ACGCTA	1.21377
ACGCTC	0.622855
ACGCTG	0.89799
ACGCTT	1.12707
ACGGAA	0.573782
ACGGAC	1.5779
ACGGAG	0.133156
ACGGAT	0.380217
ACGGCA	0.459581
ACGGCC	0.686044
ACGGCG	0.563535
ACGGCT	0.446576
ACGGGA	1.10343
ACGGGC	0.432301
ACGGGG	0.311428
ACGGGT	1.2725
ACGGTA	0.346791
ACGGTC	0
ACGGTG	0.20426
ACGGTT	0.612777
ACGTAA	1.54696
ACGTAC	0.493094
ACGTAG	2.06454
ACGTAT	1.92427
ACGTCA	1.11908
ACGTCC	0.882742
ACGTCG	2.25414
ACGTCT	0.814401
ACGTGA	1.66095
ACGTGC	1.03712
ACGTGG	0.88206
ACGTGT	1.55204
ACGTTA	0
ACGTTC	0.32534
ACGTTG	0
ACGTTT	0.56691
ACTAAA	0.588953
ACTAAC	0.880687
ACTAAG	0.510649
ACTAAT	0.723811
ACTACA	1.38717
ACTACC	1.62155
ACTACG	1.018
ACTACT	0.860673
ACTAGA	0.976025
ACTAGC	0.901654
ACTAGG	0.914728
ACTAGT	0.901658
ACTATA	0.266312
ACTATC	0.193607
ACTATG	0.226221
ACTATT	0.343021
ACTCAA	1.90848
ACTCAC	2.38674
ACTCAG	1.55515
ACTCAT	1.87846
ACTCCA	2.91248
ACTCCC	3.75557
ACTCCG	2.35507
ACTCCT	5.47736
ACTCGA	2.42754
ACTCGC	2.38175
ACTCGG	2.29513
ACTCGT	3.19126
ACTCTA	1.54412
ACTCTC	1.17608
ACTCTG	0.826849
ACTCTT	1.25278
ACTGAA	0.88646
ACTGAC	0.973514
ACTGAG	1.01018
ACTGAT	0.871767
ACTGCA	1.22447
ACTGCC	2.4958
ACTGCG	0.341168
ACTGCT	1.63487
ACTGGA	1.02212
ACTGGC	1.69928
ACTGGG	0.914725
ACTGGT	1.87554
ACTGTA	0.450829
ACTGTC	0.316848
ACTGTG	0.318768
ACTGTT	0.821467
ACTTAA	2.17642
ACTTAC	1.66095
ACTTAG	1.63408
ACTTAT	2.2813
ACTTCA	1.10028
ACTTCC	1.38644
ACTTCG	0.517344
ACTTCT	1.32635
ACTTGA	1.72135
ACTTGC	1.66932
ACTTGG	1.08624
ACTTGT	2.02295
ACTTTA	0.29153
ACTTTC	0.440602
ACTTTG	0.352823
ACTTTT	0.50026
AGAAAA	0.434371
AGAAAC	0.31349
AGAAAG	0.320851
AGAAAT	0.134863
AGAACA	0.653454
AGAACC	0.915503
AGAACG	0.217642
AGAACT	0.50818
AGAAGA	0.506447
AGAAGC	0.713813
AGAAGG	0.384493
AGAAGT	0.525965
AGAATA	0.130675
AGAATC	0.216894
AGAATG	0.167862
AGAATT	0.101148
AGACAA	0.91864
AGACAC	0.890752
AGACAG	0.875874
AGACAT	1.22447
AGACCA	2.30989
AGACCC	3.06016
AGACCG	0.26081
AGACCT	2.8796
AGACGA	1.37209
AGACGC	1.08821
AGACGG	0.76971
AGACGT	1.26957
AGACTA	1.01148
AGACTC	0.395094
AGACTG	0.719409
AGACTT	0.856225
AGAGAA	0.623676
AGAGAC	0.462519
AGAGAG	0.461712
AGAGAT	0.410437
AGAGCA	0.987216
AGAGCC	1.09802
AGAGCG	0.121377
AGAGCT	0.959537
AGAGGA	0.865681
AGAGGC	0.584978
AGAGGG	0.490222
AGAGGT	0.912081
AGAGTA	0.374576
AGAGTC	0.331608
AGAGTG	0.206532
AGAGTT	0.385524
AGATAA	0.664379
AGATAC	0.482538
AGATAG	0.837827
AGATAT	0.353591
AGATCA	0.660634
AGATCC	0.898806
AGATCG	0.13429
AGATCT	1.04497
AGATGA	1.41533
AGATGC	1.5436
AGATGG	0.883217
AGATGT	1.07706
AGATTA	0.653568
AGATTC	0.148159
AGATTG	0.549517
AGATTT	0
AGCAAA	0.37794
AGCAAC	0.0645358
AGCAAG	0.162252
AGCAAT	0.265752
AGCACA	0.406152
AGCACC	0.715197
AGCACG	0.143445
AGCACT	0.324598
AGCAGA	0.524873
AGCAGC	0.406825
AGCAGG	0.380829
AGCAGT	0.205256
AGCATA	0.320929
AGCATC	0.175974
AGCATG	0.218018
AGCATT	0.185272
AGCCAA	0.756527
AGCCAC	1.02986
AGCCAG	0.727264
AGCCAT	0.641858
AGCCCA	1.64969
AGCCCC	1.55444
AGCCCG	0.244635
AGCCCT	2.00478
AGCCGA	0.613972
AGCCGC	0.27323
AGCCGG	0.558551
AGCCGT	0.765043
AGCCTA	0.629362
AGCCTC	0.420462
AGCCTG	0.536982
AGCCTT	0.844511
AGCGAA	0.474556
AGCGAC	0.31558
AGCGAG	0.102461
AGCGAT	0.192427
AGCGCA	0.237278
AGCGCC	0.540994
AGCGCG	0.671446
AGCGCT	1.18343
AGCGGA	0.666718
AGCGGC	0.327026
AGCGGG	0.128284
AGCGGT	0.460701
AGCGTA	0
AGCGTC	0.216151
AGCGTG	0.126739
AGCGTT	0.52162
AGCTAA	0.507829
AGCTAC	0.482212
AGCTAG	0.650683
AGCTAT	0.833219
AGCTCA	0.268294
AGCTCC	0.251125
AGCTCG	0
AGCTCT	0.427509
AGCTGA	0.86615
AGCTGC	0.654215
AGCTGG	0.529034
AGCTGT	0.64173
AGCTTA	0.334538
AGCTTC	0.042646
AGCTTG	0.174353
AGCTTT	0.450115
AGGAAA	0.177848
AGGAAC	0.21323
AGGAAG	0.115863
AGGAAT	0.199734
AGGACA	0.536398
AGGACC	0.726864
AGGACG	0.176302
AGGACT	0.653742
AGGAGA	0.295395
AGGAGC	0.301631
AGGAGG	0.335724
AGGAGT	0.382058
AGGATA	0.427906
AGGATC	0.609819
AGGATG	0.065952
AGGATT	0.207164
AGGCAA	1.03639
AGGCAC	0.48058
AGGCAG	0.786329
AGGCAT	0.573782
AGGCCA	1.25998
AGGCCC	1.96613
AGGCCG	0.925907
AGGCCT	1.74045
AGGCGA	0.547249
AGGCGC	0.563536
AGGCGG	0.637534
AGGCGT	0.525969
AGGCTA	0.840304
AGGCTC	0.579806
AGGCTG	0.375174
AGGCTT	0.554532
AGGGAA	0.324598
AGGGAC	0.798938
AGGGAG	0.33269
AGGGAT	0.488729
AGGGCA	0.478669
AGGGCC	0.858488
AGGGCG	0.563536
AGGGCT	1.06301
AGGGGA	0.466375
AGGGGC	0.414817
AGGGGG	0.539099
AGGGGT	0.999578
AGGGTA	0.271272
AGGGTC	0.117316
AGGGTG	0.42839
AGGGTT	0.342402
AGGTAA	0.628023
AGGTAC	0.500923
AGGTAG	0.538304
AGGTAT	0.861655
AGGTCA	0.501585
AGGTCC	0.155842
AGGTCG	0.809179
AGGTCT	0.275375
AGGTGA	0.464088
AGGTGC	0.387479
AGGTGG	0.387075
AGGTGT	0.618786
AGGTTA	0.568613
AGGTTC	0.252464
AGGTTG	0.37347
AGGTTT	0.431646
AGTAAA	0.467528
AGTAAC	0.743789
AGTAAG	0.514534
AGTAAT	0.746306
AGTACA	0.911122
AGTACC	0.464089
AGTACG	0.618784
AGTACT	1.33156
AGTAGA	0.548835
AGTAGC	0.553649
AGTAGG	0.466835
AGTAGT	0.616369
AGTATA	0.521621
AGTATC	0.641423
AGTATG	0.450829
AGTATT	0.544102
AGTCAA	1.25897
AGTCAC	1.35734
AGTCAG	1.3821
AGTCAT	1.6537
AGTCCA	3.44117
AGTCCC	3.43427
AGTCCG	1.03469
AGTCCT	3.64133
AGTCGA	0
AGTCGC	1.92427
AGTCGG	1.27507
AGTCGT	1.88406
AGTCTA	0.424546
AGTCTC	0.677211
AGTCTG	0.794246
AGTCTT	1.26232
AGTGAA	0.296518
AGTGAC	0.72228
AGTGAG	0.341026
AGTGAT	0.729666
AGTGCA	0.91033
AGTGCC	1.03569
AGTGCG	0.25046
AGTGCT	1.32279
AGTGGA	1.38499
AGTGGC	0.951689
AGTGGG	0.388731
AGTGGT	0.900371
AGTGTA	0.106976
AGTGTC	0.473032
AGTGTG	0.392512
AGTGTT	1.25278
AGTTAA	0.359636
AGTTAC	0.876613
AGTTAG	0.218394
AGTTAT	0.931219
AGTTCA	0.52162
AGTTCC	0.572626
AGTTCG	0.471015
AGTTCT	0.312456
AGTTGA	1.47685
AGTTGC	0.997518
AGTTGG	0.529751
AGTTGT	1.28634
AGTTTA	0.160193
AGTTTC	0.165225
AGTTTG	0.218395
AGTTTT	0.321202
ATAAAA	1.01087
ATAAAC	1.0936
ATAAAG	1.11074
ATAAAT	0.359125
ATAACA	1.06837
ATAACC	1.75322
ATAACG	0.631159
ATAACT	1.8186
ATAAGA	1.47544
ATAAGC	2.10387
ATAAGG	0.794627
ATAAGT	0.866297
ATAATA	0.127765
ATAATC	0.213953
ATAATG	0.28864
ATAATT	0.129336
ATACAA	2.38274
ATACAC	2.07975
ATACAG	0.701289
ATACAT	1.77901
ATACCA	3.10406
ATACCC	4.60219
ATACCG	2.42754
ATACCT	4.89891
ATACGA	3.87554
ATACGC	4.30337
ATACGG	2.06938
ATACGT	3.32191
ATACTA	2.05814
ATACTC	1.3272
ATACTG	1.27507
ATACTT	1.49093
ATAGAA	1.53262
ATAGAC	1.83324
ATAGAG	0.688181
ATAGAT	0.353261
ATAGCA	1.94203
ATAGCC	2.00823
ATAGCG	0
ATAGCT	2.89712
ATAGGA	1.35398
ATAGGC	1.32495
ATAGGG	1.11381
ATAGGT	1.441
ATAGTA	0.519475
ATAGTC	0.693584
ATAGTG	0.590973
ATAGTT	0.44292
ATATAA	1.79307
ATATAC	1.5423
ATATAG	0.837826
ATATAT	1.25813
ATATCA	1.64855
ATATCC	1.08287
ATATCG	1.70583
ATATCT	1.51305
ATATGA	1.482
ATATGC	1.67269
ATATGG	1.57791
ATATGT	1.81006
ATATTA	0.426459
ATATTC	0.469613
ATATTG	0.319846
ATATTT	0.44053
ATCAAA	0.411371
ATCAAC	0.824275
ATCAAG	0.0906836
ATCAAT	0.67145
ATCACA	1.01957
ATCACC	1.31731
ATCACG	0
ATCACT	1.03809
ATCAGA	1.00896
ATCAGC	0.737022
ATCAGG	0.507829
ATCAGT	0.92006
ATCATA	0.343021
ATCATC	0.536396
ATCATG	0.224346
ATCATT	0.397791
ATCCAA	0.873917
ATCCAC	1.31204
ATCCAG	0.910952
ATCCAT	0.833219
ATCCCA	2.15088
ATCCCC	2.75506
ATCCCG	1.07891
ATCCCT	2.23288
ATCCGA	0.544104
ATCCGC	1.2523
ATCCGG	0
ATCCGT	1.94803
ATCCTA	1.02535
ATCCTC	0.975517
ATCCTG	0.619651
ATCCTT	1.19368
ATCGAA	0
ATCGAC	0.788948
ATCGAG	0.489272
ATCGAT	0
ATCGCA	1.70584
ATCGCC	2.40115
ATCGCG	0.671446
ATCGCT	2.47141
ATCGGA	0.584407
ATCGGC	1.45652
ATCGGG	0.742541
ATCGGT	0.457362
ATCGTA	0.686045
ATCGTC	0
ATCGTG	0
ATCGTT	0
ATCTAA	1.46781
ATCTAC	0.795581
ATCTAG	1.19538
ATCTAT	0.90166
ATCTCA	0.5559
ATCTCC	0.341784
ATCTCG	0.15779
ATCTCT	0.686044
ATCTGA	1.51884
ATCTGC	1.17674
ATCTGG	1.10086
ATCTGT	1.37652
ATCTTA	0.18897
ATCTTC	0.189728
ATCTTG	0.284307
ATCTTT	0.388408
ATGAAA	0.439244
ATGAAC	0.310153
ATGAAG	0.38427
ATGAAT	0.268579
ATGACA	0.733908
ATGACC	0.798941
ATGACG	1.38717
ATGACT	1.59238
ATGAGA	0.50092
ATGAGC	0.537922
ATGAGG	0.445106
ATGAGT	0.450829
ATGATA	0.190682
ATGATC	0.296783
ATGATG	0.124
ATGATT	0.302716
ATGCAA	1.38413
ATGCAC	1.37839
ATGCAG	1.0062
ATGCAT	0.739062
ATGCCA	2.00182
ATGCCC	2.666
ATGCCG	1.35734
ATGCCT	2.75272
ATGCGA	2.52464
ATGCGC	1.55842
ATGCGG	1.17754
ATGCGT	0.837824
ATGCTA	0.457363
ATGCTC	0.742542
ATGCTG	0.873147
ATGCTT	0.944852
ATGGAA	0.718589
ATGGAC	0.509
ATGGAG	0.0897808
ATGGAT	0.692494
ATGGCA	1.19703
ATGGCC	1.38355
ATGGCG	0.573782
ATGGCT	2.02295
ATGGGA	0.909782
ATGGGC	0.901659
ATGGGG	0.615433
ATGGGT	1.33973
ATGGTA	0.536701
ATGGTC	0.303443
ATGGTG	0.112439
ATGGTT	0.617273
ATGTAA	1.03956
ATGTAC	1.11381
ATGTAG	1.48508
ATGTAT	2.43378
ATGTCA	0.641422
ATGTCC	0.552037
ATGTCG	0.478151
ATGTCT	0.751382
ATGTGA	1.7802
ATGTGC	1.178
ATGTGG	0.853843
ATGTGT	1.38009
ATGTTA	0.357598
ATGTTC	0
ATGTTG	0.113314
ATGTTT	0.0971016
ATTAAA	0.779776
ATTAAC	0.628647
ATTAAG	0.692494
ATTAAT	0.167417
ATTACA	0.901657
ATTACC	2.46977
ATTACG	0.644042
ATTACT	0.950541
ATTAGA	1.21377
ATTAGC	0.946063
ATTAGG	0.500923
ATTAGT	0.964654
ATTATA	0.141199
ATTATC	0.452444
ATTATG	0.215413
ATTATT	0.165514
ATTCAA	1.80729
ATTCAC	1.54318
ATTCAG	1.76631
ATTCAT	1.67793
ATTCCA	3.39412
ATTCCC	4.44149
ATTCCG	1.26232
ATTCCT	3.93581
ATTCGA	2.13953
ATTCGC	0
ATTCGG	1.77792
ATTCGT	1.53942
ATTCTA	0.722151
ATTCTC	0.957687
ATTCTG	0.704223
ATTCTT	0.897387
ATTGAA	1.16594
ATTGAC	1.30286
ATTGAG	0.894683
ATTGAT	0.757392
ATTGCA	0.950131
ATTGCC	1.70009
ATTGCG	0
ATTGCT	1.86772
ATTGGA	1.29337
ATTGGC	2.15169
ATTGGG	0.551715
ATTGGT	2.51625
ATTGTA	0.788948
ATTGTC	0.2329
ATTGTG	0.31558
ATTGTT	1.07236
ATTTAA	1.07584
ATTTAC	1.83186
ATTTAG	0.735811
ATTTAT	1.66569
ATTTCA	0.950044
ATTTCC	1.03834
ATTTCG	0.354584
ATTTCT	0.747338
ATTTGA	1.46908
ATTTGC	2.10841
ATTTGG	1.12707
ATTTGT	1.84996
ATTTTA	0.16101
ATTTTC	0.184983
ATTTTG	0.393001
ATTTTT	0.40257
CAAAAA	0.587786
CAAAAC	0.464658
CAAAAG	0.544827
CAAAAT	0.432301
CAAACA	1.17365
CAAACC	1.36188
CAAACG	1.25396
CAAACT	0.709169
CAAAGA	1.05328
CAAAGC	0.944594
CAAAGG	0.531131
CAAAGT	0.750441
CAAATA	0.313699
CAAATC	0.556437
CAAATG	0.386033
CAAATT	0.28482
CAACAA	2.01825
CAACAC	1.72763
CAACAG	1.25845
CAACAT	1.24714
CAACCA	2.94233
CAACCC	2.60273
CAACCG	2.53915
CAACCT	3.0382
CAACGA	1.46782
CAACGC	1.77292
CAACGG	0.671447
CAACGT	2.67441
CAACTA	1.10247
CAACTC	0.845304
CAACTG	0.837823
CAACTT	0.895751
CAAGAA	1.0984
CAAGAC	0.672548
CAAGAG	0.774958
CAAGAT	0.698704
CAAGCA	1.48452
CAAGCC	1.09576
CAAGCG	0.161836
CAAGCT	1.44877
CAAGGA	0.98465
CAAGGC	1.30765
CAAGGG	0.938345
CAAGGT	1.15753
CAAGTA	0.44448
CAAGTC	0.454073
CAAGTG	0.393862
CAAGTT	0.548154
CAATAA	1.41834
CAATAC	0.876613
CAATAG	1.45429
CAATAT	1.49767
CAATCA	0.556905
CAATCC	1.20954
CAATCG	0.553649
CAATCT	1.28285
CAATGA	2.18943
CAATGC	2.82934
CAATGG	1.25231
CAATGT	2.0446
CAATTA	1.10086
CAATTC	0.589081
CAATTG	0.769711
CAATTT	0.37569
CACAAA	0.356587
CACAAC	0.0606885
CACAAG	0.14454
CACAAT	0
CACACA	0.258673
CACACC	0.208796
CACACG	0.194802
CACACT	0.24432
CACAGA	0.191552
CACAGC	0.270356
CACAGG	0.196964
CACAGT	0.260196
CACATA	0.356992
CACATC	0.0794911
CACATG	0.158783
CACATT	0.295857
CACCAA	0.800203
CACCAC	0.433953
CACCAG	0.514533
CACCAT	0.294936
CACCCA	1.24091
CACCCC	0.944304
CACCCG	0.879325
CACCCT	0.748835
CACCGA	1.3429
CACCGC	0.731782
CACCGG	0.171511
CACCGT	0.922153
CACCTA	0.888958
CACCTC	0.652729
CACCTG	0.797126
CACCTT	0.845702
CACGAA	0.392025
CACGAC	0.276824
CACGAG	0.12523
CACGAT	0.194802
CACGCA	0.722701
CACGCC	0.499931
CACGCG	0
CACGCT	0.136615
CACGGA	0.144762
CACGGC	0.192427
CACGGG	0.225414
CACGGT	0.100184
CACGTA	0
CACGTC	0.13372
CACGTG	0
CACGTT	0.343022
CACTAA	0.904528
CACTAC	0.34935
CACTAG	0.606886
CACTAT	0.374204
CACTCA	0.473371
CACTCC	0.323488
CACTCG	0
CACTCT	0.327877
CACTGA	0.710167
CACTGC	0.577281
CACTGG	0.452987
CACTGT	0.624225
CACTTA	0.162252
CACTTC	0.0705207
CACTTG	0.143228
CACTTT	0.37407
CAGAAA	0.174353
CAGAAC	0.412824
CAGAAG	0.171046
CAGAAT	0.0509001
CAGACA	0.293715
CAGACC	0.27723
CAGACG	0.123274
CAGACT	0.366953
CAGAGA	0.277932
CAGAGC	0.197393
CAGAGG	0.347508
CAGAGT	0.281141
CAGATA	0
CAGATC	0.252971
CAGATG	0.253332
CAGATT	0.180332
CAGCAA	1.07857
CAGCAC	0.606355
CAGCAG	0.784591
CAGCAT	0.65113
CAGCCA	1.18146
CAGCCC	1.37114
CAGCCG	0.601105
CAGCCT	1.10756
CAGCGA	1.16882
CAGCGC	0.284307
CAGCGG	0.972677
CAGCGT	1.36132
CAGCTA	0.566426
CAGCTC	0.232687
CAGCTG	0.700769
CAGCTT	0.522855
CAGGAA	0.401679
CAGGAC	0.471015
CAGGAG	0.25947
CAGGAT	0.428195
CAGGCA	0.553246
CAGGCC	0.525529
CAGGCG	0.170584
CAGGCT	0.501558
CAGGGA	0.413198
CAGGGC	0.46373
CAGGGG	0.465699
CAGGGT	0.615609
CAGGTA	0.438306
CAGGTC	0.377617
CAGGTG	0.211515
CAGGTT	0.31349
CAGTAA	0.572483
CAGTAC	0.500923
CAGTAG	0.783078
CAGTAT	0.937369
CAGTCA	0.573781
CAGTCC	0.367667
CAGTCG	0
CAGTCT	0.50818
CAGTGA	0.820056
CAGTGC	0.928177
CAGTGG	0.572363
CAGTGT	0.789989
CAGTTA	0.331318
CAGTTC	0.0612777
CAGTTG	0.139947
CAGTTT	0.356365
CATAAA	0.601743
CATAAC	0.396126
CATAAG	0.11645
CATAAT	0.28864
CATACA	0.593833
CATACC	0.887169
CATACG	0
CATACT	0.489271
CATAGA	0.531279
CATAGC	0.237277
CATAGG	0.441372
CATAGT	0.575878
CATATA	0.527727
CATATC	0.284307
CATATG	0.185635
CATATT	0.509001
CATCAA	1.18169
CATCAC	1.21784
CATCAG	0.856781
CATCAT	1.33515
CATCCA	2.72052
CATCCC	3.24518
CATCCG	1.44266
CATCCT	3.12973
CATCGA	1.14065
CATCGC	0.265193
CATCGG	1.32876
CATCGT	1.76549
CATCTA	0.928175
CATCTC	0.545279
CATCTG	0.740167
CATCTT	1.3074
CATGAA	0.649565
CATGAC	0.518763
CATGAG	0.368025
CATGAT	0.649938
CATGCA	1.02795
CATGCC	1.04083
CATGCG	0.774431
CATGCT	1.50276
CATGGA	0.980444
CATGGC	0.997095
CATGGG	0.79447
CATGGT	1.0734
CATGTA	0.257967
CATGTC	0.572483
CATGTG	0.362737
CATGTT	0.507363
CATTAA	0.876612
CATTAC	0.928176
CATTAG	0.953096
CATTAT	1.20309
CATTCA	0.726113
CATTCC	0.72547
CATTCG	0
CATTCT	0.838194
CATTGA	1.86183
CATTGC	0.858723
CATTGG	0.659418
CATTGT	2.06588
CATTTA	0.363931
CATTTC	0.166445
CATTTG	0.24732
CATTTT	0.525092
CCAAAA	1.71511
CCAAAC	1.9566
CCAAAG	0.841099
CCAAAT	0.642847
CCAACA	1.77135
CCAACC	2.0995
CCAACG	0.31558
CCAACT	1.55934
CCAAGA	1.23595
CCAAGC	1.29469
CCAAGG	1.15738
CCAAGT	1.28332
CCAATA	0.707577
CCAATC	0.132597
CCAATG	0.416608
CCAATT	0.233764
CCACAA	2.97925
CCACAC	2.23755
CCACAG	1.89463
CCACAT	2.74884
CCACCA	4.04938
CCACCC	5.33876
CCACCG	2.39193
CCACCT	4.51167
CCACGA	2.24472
CCACGC	2.16811
CCACGG	1.62936
CCACGT	4.12461
CCACTA	1.47763
CCACTC	1.26607
CCACTG	1.31604
CCACTT	1.4906
CCAGAA	1.55682
CCAGAC	1.70584
CCAGAG	1.01165
CCAGAT	1.14866
CCAGCA	1.83304
CCAGCC	2.52464
CCAGCG	0.895268
CCAGCT	1.8198
CCAGGA	2.08667
CCAGGC	1.66637
CCAGGG	0.992682
CCAGGT	1.09392
CCAGTA	0.879325
CCAGTC	0.615165
CCAGTG	0.636733
CCAGTT	0.984265
CCATAA	2.11799
CCATAC	2.83214
CCATAG	2.06341
CCATAT	2.80245
CCATCA	2.1995
CCATCC	1.8704
CCATCG	1.75322
CCATCT	1.51721
CCATGA	3.2061
CCATGC	2.46708
CCATGG	2.22109
CCATGT	2.80813
CCATTA	0.945561
CCATTC	0.405457
CCATTG	0.72087
CCATTT	0.911852
CCCAAA	0.613372
CCCAAC	0.460703
CCCAAG	0.445928
CCCAAT	0.2329
CCCACA	0.496771
CCCACC	0.578863
CCCACG	0.159384
CCCACT	0.589182
CCCAGA	0.404914
CCCAGC	0.376949
CCCAGG	0.447732
CCCAGT	0.236095
CCCATA	0.354584
CCCATC	0.155077
CCCATG	0.232045
CCCATT	0.110536
CCCCAA	0.991723
CCCCAC	0.999261
CCCCAG	0.973561
CCCCAT	0.906841
CCCCCA	2.85378
CCCCCC	3.48799
CCCCCG	1.21045
CCCCCT	2.69654
CCCCGA	1.92427
CCCCGC	1.17425
CCCCGG	0.811493
CCCCGT	0.738203
CCCCTA	1.52845
CCCCTC	0.667896
CCCCTG	0.938735
CCCCTT	1.09099
CCCGAA	0
CCCGAC	0.399468
CCCGAG	0.566912
CCCGAT	0.366953
CCCGCA	0.628647
CCCGCC	0.990314
CCCGCG	0
CCCGCT	1.12261
CCCGGA	0.571187
CCCGGC	0.529751
CCCGGG	0.391215
CCCGGT	0.192427
CCCGTA	0
CCCGTC	0.229512
CCCGTG	0
CCCGTT	0
CCCTAA	1.01206
CCCTAC	1.37608
CCCTAG	0.569344
CCCTAT	0.956306
CCCTCA	0.863186
CCCTCC	0.769172
CCCTCG	0.459025
CCCTCT	0.778411
CCCTGA	1.32949
CCCTGC	1.07188
CCCTGG	1.05353
CCCTGT	1.05943
CCCTTA	0.558551
CCCTTC	0.469936
CCCTTG	0.266988
CCCTTT	0.212369
CCGAAA	0.294934
CCGAAC	0.53488
CCGAAG	0.460701
CCGAAT	0
CCGACA	1.51721
CCGACC	0.457362
CCGACG	0
CCGACT	0.776017
CCGAGA	0.825049
CCGAGC	0.422651
CCGAGG	0.314793
CCGAGT	0
CCGATA	0
CCGATC	0
CCGATG	0
CCGATT	0.53488
CCGCAA	1.24571
CCGCAC	1.11569
CCGCAG	0.266688
CCGCAT	1.15809
CCGCCA	2.0779
CCGCCC	2.44413
CCGCCG	0.760434
CCGCCT	1.91675
CCGCGA	1.66095
CCGCGC	0.657458
CCGCGG	1.31492
CCGCGT	1.05193
CCGCTA	0
CCGCTC	0.650681
CCGCTG	0.604948
CCGCTT	0.746936
CCGGAA	0.634333
CCGGAC	0.544104
CCGGAG	0.519475
CCGGAT	0.686043
CCGGCA	0.758608
CCGGCC	0.79558
CCGGCG	0.563535
CCGGCT	1.7233
CCGGGA	0.637535
CCGGGC	0.380217
CCGGGG	1.14596
CCGGGT	0.348066
CCGGTA	0.584407
CCGGTC	0
CCGGTG	0.306387
CCGGTT	0.64404
CCGTAA	0.384853
CCGTAC	1.12707
CCGTAG	0
CCGTAT	1.16881
CCGTCA	0.963605
CCGTCC	0.531876
CCGTCG	0.657458
CCGTCT	0.600288
CCGTGA	1.46471
CCGTGC	1.78372
CCGTGG	1.08509
CCGTGT	1.70584
CCGTTA	0.485508
CCGTTC	0.269726
CCGTTG	0.332189
CCGTTT	0.198478
CCTAAA	1.42725
CCTAAC	1.07584
CCTAAG	0.598662
CCTAAT	1.06375
CCTACA	1.89693
CCTACC	2.43891
CCTACG	0.579046
CCTACT	1.61377
CCTAGA	1.4081
CCTAGC	1.61836
CCTAGG	0.754975
CCTAGT	1.24571
CCTATA	0.358614
CCTATC	0.830474
CCTATG	0.115176
CCTATT	1.15597
CCTCAA	3.15581
CCTCAC	2.86301
CCTCAG	1.91932
CCTCAT	2.78196
CCTCCA	4.64014
CCTCCC	7.08062
CCTCCG	1.76795
CCTCCT	5.20208
CCTCGA	4.48046
CCTCGC	2.44735
CCTCGG	1.91959
CCTCGT	3.01751
CCTCTA	1.62016
CCTCTC	1.16251
CCTCTG	1.35499
CCTCTT	1.40334
CCTGAA	1.04497
CCTGAC	1.239
CCTGAG	0.621041
CCTGAT	0.964654
CCTGCA	2.14
CCTGCC	2.65296
CCTGCG	0.729062
CCTGCT	2.81128
CCTGGA	1.57288
CCTGGC	1.82066
CCTGGG	1.22898
CCTGGT	1.5779
CCTGTA	0.545987
CCTGTC	0.547777
CCTGTG	0.734396
CCTGTT	1.09988
CCTTAA	2.59889
CCTTAC	2.54159
CCTTAG	2.46976
CCTTAT	2.2897
CCTTCA	2.23182
CCTTCC	1.89733
CCTTCG	2.22239
CCTTCT	1.98024
CCTTGA	3.18823
CCTTGC	2.62984
CCTTGG	2.67909
CCTTGT	3.50645
CCTTTA	0.441811
CCTTTC	0.603259
CCTTTG	0.962935
CCTTTT	0.854929
CGAAAA	0.464088
CGAAAC	0.217642
CGAAAG	0.493094
CGAAAT	0
CGAACA	0.31558
CGAACC	0.733907
CGAACG	2.10387
CGAACT	0.450828
CGAAGA	1.42153
CGAAGC	0.217642
CGAAGG	0.21468
CGAAGT	1.32876
CGAATA	1.31492
CGAATC	0
CGAATG	0
CGAATT	1.1073
CGACAA	0.87661
CGACAC	0.671447
CGACAG	0.300551
CGACAT	0.888958
CGACCA	2.71468
CGACCC	2.92204
CGACCG	0
CGACCT	4.20773
CGACGA	1.21377
CGACGC	3.78695
CGACGG	1.5779
CGACGT	1.85635
CGACTA	1.70583
CGACTC	0
CGACTG	1.32876
CGACTT	0.686043
CGAGAA	0.825047
CGAGAC	0.274417
CGAGAG	0
CGAGAT	0.310916
CGAGCA	0.652925
CGAGCC	1.49486
CGAGCG	0.595433
CGAGCT	0.584407
CGAGGA	0.85678
CGAGGC	0.723395
CGAGGG	0.883622
CGAGGT	0.836765
CGAGTA	0.267441
CGAGTC	0.297717
CGAGTG	0.563535
CGAGTT	1.40258
CGATAA	1.89348
CGATAC	1.21377
CGATAG	1.018
CGATAT	1.80331
CGATCA	0.444479
CGATCC	0.928177
CGATCG	0
CGATCT	1.23758
CGATGA	1.6101
CGATGC	0.309392
CGATGG	0.79558
CGATGT	1.15456
CGATTA	0
CGATTC	0.235507
CGATTG	0
CGATTT	0
CGCAAA	0.928177
CGCAAC	0.438305
CGCAAG	0.303442
CGCAAT	0
CGCACA	0.149564
CGCACC	0.539454
CGCACG	0.971016
CGCACT	0
CGCAGA	0.475749
CGCAGC	0
CGCAGG	0.0939225
CGCAGT	0.387215
CGCATA	0.751382
CGCATC	0.493094
CGCATG	0
CGCATT	0
CGCCAA	0.618784
CGCCAC	1.18714
CGCCAG	0.139638
CGCCAT	0.178294
CGCCCA	1.67296
CGCCCC	1.38499
CGCCCG	0.691051
CGCCCT	1.37209
CGCCGA	0.671446
CGCCGC	0.657458
CGCCGG	0.42646
CGCCGT	1.26232
CGCCTA	1.11381
CGCCTC	0.237874
CGCCTG	0.67933
CGCCTT	0.344896
CGCGAA	0
CGCGAC	0
CGCGAG	0.53488
CGCGAT	0
CGCGCA	0
CGCGCC	0.935054
CGCGCG	0
CGCGCT	0
CGCGGA	0.80918
CGCGGC	0
CGCGGG	0
CGCGGT	0.548835
CGCGTA	0
CGCGTC	0
CGCGTG	0
CGCGTT	0
CGCTAA	1.89348
CGCTAC	1.21377
CGCTAG	0.553649
CGCTAT	1.50276
CGCTCA	0.478152
CGCTCC	0
CGCTCG	0.686045
CGCTCT	0.62122
CGCTGA	0.647345
CGCTGC	0.215413
CGCTGG	0.210387
CGCTGT	0.317166
CGCTTA	0
CGCTTC	0
CGCTTG	0
CGCTTT	0.202295
CGGAAA	0
CGGAAC	0.335724
CGGAAG	0.220686
CGGAAT	0
CGGACA	0
CGGACC	0.725472
CGGACG	0
CGGACT	0
CGGAGA	0.192427
CGGAGC	0.290858
CGGAGG	0.187845
CGGAGT	0
CGGATA	0
CGGATC	0
CGGATG	0.373467
CGGATT	0.471015
CGGCAA	1.61836
CGGCAC	1.05193
CGGCAG	0.688181
CGGCAT	0.262983
CGGCCA	1.69527
CGGCCC	1.04152
CGGCCG	0
CGGCCT	1.10581
CGGCGA	0.701289
CGGCGC	0.573782
CGGCGG	0.42646
CGGCGT	1.23757
CGGCTA	1.79598
CGGCTC	0.603018
CGGCTG	0.922153
CGGCTT	0.589867
CGGGAA	0.169667
CGGGAC	0.409844
CGGGAG	0.150276
CGGGAT	0
CGGGCA	0.865922
CGGGCC	0.452987
CGGGCG	0
CGGGCT	0.275616
CGGGGA	0.696865
CGGGGC	0.597041
CGGGGG	0.255186
CGGGGT	0.719563
CGGGTA	0
CGGGTC	0.216151
CGGGTG	0.0936439
CGGGTT	0.356587
CGGTAA	0.678667
CGGTAC	0.671446
CGGTAG	0.380217
CGGTAT	1.66095
CGGTCA	0
CGGTCC	0
CGGTCG	0
CGGTCT	0.248488
CGGTGA	0.921408
CGGTGC	0.693584
CGGTGG	0.0717227
CGGTGT	1.26232
CGGTTA	1.39227
CGGTTC	0.2545
CGGTTG	0.289523
CGGTTT	0
CGTAAA	0
CGTAAC	1.527
CGTAAG	0.42646
CGTAAT	0.432301
CGTACA	1.75322
CGTACC	0.573782
CGTACG	0
CGTACT	0
CGTAGA	0
CGTAGC	0.87661
CGTAGG	0
CGTAGT	0.864602
CGTATA	0
CGTATC	0.42646
CGTATG	0.525966
CGTATT	0
CGTCAA	2.2224
CGTCAC	1.01148
CGTCAG	0.713176
CGTCAT	1.46102
CGTCCA	6.04861
CGTCCC	6.3116
CGTCCG	1.37209
CGTCCT	4.32522
CGTCGA	0
CGTCGC	0
CGTCGG	1.31492
CGTCGT	0.733909
CGTCTA	0
CGTCTC	0.173396
CGTCTG	0.250461
CGTCTT	0.206261
CGTGAA	0.675038
CGTGAC	0.576401
CGTGAG	0.186183
CGTGAT	0.364832
CGTGCA	1.46102
CGTGCC	1.7292
CGTGCG	0.478151
CGTGCT	1.27508
CGTGGA	0.66438
CGTGGC	0.876613
CGTGGG	0.489271
CGTGGT	0.953895
CGTGTA	0.339333
CGTGTC	0.299127
CGTGTG	0
CGTGTT	0
CGTTAA	0
CGTTAC	1.22953
CGTTAG	1.66095
CGTTAT	0.94203
CGTTCA	1.09577
CGTTCC	1.40884
CGTTCG	1.5779
CGTTCT	1.60077
CGTTGA	2.04922
CGTTGC	1.16882
CGTTGG	0.318768
CGTTGT	1.87473
CGTTTA	0
CGTTTC	0.144762
CGTTTG	0.216151
CGTTTT	0.360663
CTAAAA	0.805426
CTAAAC	1.82478
CTAAAG	0.92818
CTAAAT	0.997518
CTAACA	2.27446
CTAACC	2.98105
CTAACG	0.409844
CTAACT	2.15987
CTAAGA	1.58926
CTAAGC	2.92391
CTAAGG	1.38009
CTAAGT	2.10387
CTAATA	0.733906
CTAATC	1.26233
CTAATG	0.623674
CTAATT	0.512676
CTACAA	2.36481
CTACAC	1.6208
CTACAG	1.89132
CTACAT	2.10387
CTACCA	3.41168
CTACCC	5.28809
CTACCG	1.75322
CTACCT	3.90121
CTACGA	1.3429
CTACGC	1.91261
CTACGG	1.22953
CTACGT	4.02869
CTACTA	0.954082
CTACTC	1.22953
CTACTG	1.65611
CTACTT	1.73778
CTAGAA	1.56057
CTAGAC	2.26313
CTAGAG	1.13213
CTAGAT	1.27157
CTAGCA	3.3913
CTAGCC	2.66271
CTAGCG	2.2146
CTAGCT	3.35724
CTAGGA	1.53763
CTAGGC	1.31858
CTAGGG	1.13644
CTAGGT	2.41945
CTAGTA	0.306387
CTAGTC	1.14459
CTAGTG	0.509002
CTAGTT	0.649344
CTATAA	2.03289
CTATAC	2.26887
CTATAG	1.46102
CTATAT	1.94005
CTATCA	1.37209
CTATCC	1.59563
CTATCG	0
CTATCT	1.71744
CTATGA	3.54687
CTATGC	1.81369
CTATGG	2.42754
CTATGT	2.96783
CTATTA	0.546462
CTATTC	0.237277
CTATTG	0.897383
CTATTT	0.496978
CTCAAA	0.821213
CTCAAC	0.577724
CTCAAG	0.593711
CTCAAT	0.355584
CTCACA	0.785678
CTCACC	0.988181
CTCACG	0.0899089
CTCACT	0.981078
CTCAGA	0.658113
CTCAGC	0.513305
CTCAGG	0.375165
CTCAGT	0.645591
CTCATA	0.196013
CTCATC	0.441029
CTCATG	0.277636
CTCATT	0.412225
CTCCAA	0.855809
CTCCAC	1.11463
CTCCAG	0.727245
CTCCAT	0.781356
CTCCCA	2.15924
CTCCCC	2.29193
CTCCCG	1.19936
CTCCCT	2.16945
CTCCGA	0.847196
CTCCGC	1.32412
CTCCGG	1.08354
CTCCGT	1.83477
CTCCTA	1.17137
CTCCTC	0.765352
CTCCTG	0.986189
CTCCTT	0.824401
CTCGAA	0.165225
CTCGAC	0.779211
CTCGAG	0.599202
CTCGAT	0.579046
CTCGCA	1.05193
CTCGCC	1.61836
CTCGCG	0.733909
CTCGCT	1.32876
CTCGGA	0.901658
CTCGGC	0.673038
CTCGGG	0.445735
CTCGGT	1.04612
CTCGTA	0
CTCGTC	0.444479
CTCGTG	0.113111
CTCGTT	0.563536
CTCTAA	1.54121
CTCTAC	2.1207
CTCTAG	1.48859
CTCTAT	1.98419
CTCTCA	0.83147
CTCTCC	0.883626
CTCTCG	0.153942
CTCTCT	0.924384
CTCTGA	1.47876
CTCTGC	1.18807
CTCTGG	1.2086
CTCTGT	1.74329
CTCTTA	0.275616
CTCTTC	0.0662983
CTCTTG	0.489616
CTCTTT	0.596686
CTGAAA	0.459742
CTGAAC	0.280267
CTGAAG	0.749596
CTGAAT	0.400919
CTGACA	0.957755
CTGACC	1.3403
CTGACG	0.55043
CTGACT	0.599787
CTGAGA	0.627341
CTGAGC	0.795581
CTGAGG	0.397866
CTGAGT	0.741165
CTGATA	0.31349
CTGATC	0.0869366
CTGATG	0.100985
CTGATT	0.253479
CTGCAA	0.915257
CTGCAC	1.05394
CTGCAG	1.16335
CTGCAT	1.27014
CTGCCA	1.93277
CTGCCC	2.46197
CTGCCG	1.41304
CTGCCT	2.23586
CTGCGA	0.912082
CTGCGC	1.82066
CTGCGG	1.39869
CTGCGT	0.952177
CTGCTA	1.17462
CTGCTC	0.679332
CTGCTG	1.05396
CTGCTT	0.675038
CTGGAA	0.788952
CTGGAC	0.650069
CTGGAG	0.746224
CTGGAT	0.205366
CTGGCA	1.59149
CTGGCC	1.53098
CTGGCG	1.05193
CTGGCT	1.54885
CTGGGA	1.07102
CTGGGC	0.991929
CTGGGG	0.708331
CTGGGT	1.15029
CTGGTA	0.721329
CTGGTC	0.521227
CTGGTG	0.423379
CTGGTT	0.193311
CTGTAA	1.0727
CTGTAC	2.06158
CTGTAG	1.21377
CTGTAT	2.27582
CTGTCA	0.912082
CTGTCC	1.08554
CTGTCG	0.473371
CTGTCT	1.00824
CTGTGA	2.10386
CTGTGC	1.55105
CTGTGG	1.07688
CTGTGT	2.44536
CTGTTA	0.5699
CTGTTC	0.199104
CTGTTG	0.239076
CTGTTT	0.26858
CTTAAA	1.54071
CTTAAC	0.864604
CTTAAG	1.11055
CTTAAT	0.719563
CTTACA	1.018
CTTACC	1.81071
CTTACG	0
CTTACT	1.54781
CTTAGA	0.988762
CTTAGC	1.41154
CTTAGG	0.725473
CTTAGT	1.31991
CTTATA	0.733906
CTTATC	0.142154
CTTATG	0.542236
CTTATT	0.20992
CTTCAA	2.5976
CTTCAC	1.98682
CTTCAG	1.44541
CTTCAT	2.25414
CTTCCA	4.4053
CTTCCC	5.29133
CTTCCG	2.39984
CTTCCT	4.08507
CTTCGA	4.08397
CTTCGC	3.7127
CTTCGG	1.82416
CTTCGT	3.37261
CTTCTA	0.838966
CTTCTC	0.894606
CTTCTG	1.14861
CTTCTT	1.25205
CTTGAA	0.875553
CTTGAC	1.33933
CTTGAG	0.801608
CTTGAT	0.640775
CTTGCA	1.53803
CTTGCC	3.00292
CTTGCG	0.919166
CTTGCT	2.2281
CTTGGA	2.44199
CTTGGC	1.79411
CTTGGG	0.888459
CTTGGT	2.17834
CTTGTA	0.811493
CTTGTC	0.844146
CTTGTG	0.470313
CTTGTT	0.9509
CTTTAA	1.72705
CTTTAC	2.62984
CTTTAG	2.94935
CTTTAT	2.15168
CTTTCA	1.85635
CTTTCC	1.92641
CTTTCG	0.809179
CTTTCT	1.75728
CTTTGA	3.30738
CTTTGC	2.81688
CTTTGG	2.3126
CTTTGT	4.4896
CTTTTA	0.38427
CTTTTC	0.175128
CTTTTG	0.209549
CTTTTT	0.671448
GAAAAA	0.490272
GAAAAC	0.29259
GAAAAG	0.16627
GAAAAT	0.243288
GAAACA	0.761351
GAAACC	1.08163
GAAACG	0.647345
GAAACT	0.590657
GAAAGA	0.635784
GAAAGC	0.494639
GAAAGG	0.482085
GAAAGT	0.241639
GAAATA	0.26211
GAAATC	0.306389
GAAATG	0.0658144
GAAATT	0
GAACAA	2.35507
GAACAC	0.85292
GAACAG	0.634086
GAACAT	0.788952
GAACCA	2.37875
GAACCC	3.21012
GAACCG	1.67565
GAACCT	1.9533
GAACGA	0.64404
GAACGC	0.312455
GAACGG	0.297717
GAACGT	1.15809
GAACTA	1.19841
GAACTC	1.00654
GAACTG	0.971019
GAACTT	1.6537
GAAGAA	0.910328
GAAGAC	0.654975
GAAGAG	0.594115
GAAGAT	0.536905
GAAGCA	0.893884
GAAGCC	1.81041
GAAGCG	0.500921
GAAGCT	1.59425
GAAGGA	0.969152
GAAGGC	0.928179
GAAGGG	0.794999
GAAGGT	1.26841
GAAGTA	0.157005
GAAGTC	0.22342
GAAGTG	0.386567
GAAGTT	0.343645
GAATAA	1.13518
GAATAC	0.986185
GAATAG	1.73836
GAATAT	0.873917
GAATCA	0.825048
GAATCC	1.02461
GAATCG	0.211799
GAATCT	1.08287
GAATGA	1.6831
GAATGC	1.40258
GAATGG	1.04578
GAATGT	1.17699
GAATTA	0.360663
GAATTC	0.0914724
GAATTG	0.255875
GAATTT	0.275857
GACAAA	0.372732
GACAAC	0
GACAAG	0.197238
GACAAT	0
GACACA	0.312455
GACACC	0.45175
GACACG	0.297717
GACACT	0.545281
GACAGA	0.187845
GACAGC	0.101148
GACAGG	0.0972013
GACAGT	0.195607
GACATA	0.135442
GACATC	0.0843795
GACATG	0.201006
GACATT	0.289523
GACCAA	0.458469
GACCAC	0.396335
GACCAG	0.613174
GACCAT	0.665378
GACCCA	0.895634
GACCCC	1.06313
GACCCG	0.696132
GACCCT	0.748638
GACCGA	0.852919
GACCGC	0.937366
GACCGG	0.309392
GACCGT	0.409844
GACCTA	0.830474
GACCTC	0.278453
GACCTG	0.363931
GACCTT	0.30199
GACGAA	0
GACGAC	0
GACGAG	0
GACGAT	0
GACGCA	0
GACGCC	0.2545
GACGCG	0
GACGCT	0.409844
GACGGA	0.197238
GACGGC	0.380217
GACGGG	0
GACGGT	0.52162
GACGTA	0
GACGTC	0.300552
GACGTG	0.548837
GACGTT	0.328729
GACTAA	0.264084
GACTAC	0.635396
GACTAG	0.136025
GACTAT	0
GACTCA	0.426459
GACTCC	0
GACTCG	0
GACTCT	0.344897
GACTGA	0.380218
GACTGC	0.284949
GACTGG	0.179988
GACTGT	0.536019
GACTTA	0
GACTTC	0.216522
GACTTG	0.382058
GACTTT	0.0606885
GAGAAA	0.242962
GAGAAC	0.361352
GAGAAG	0.0947688
GAGAAT	0.115315
GAGACA	0.45175
GAGACC	0.402712
GAGACG	0.100503
GAGACT	0.233072
GAGAGA	0.420074
GAGAGC	0.277636
GAGAGG	0.188486
GAGAGT	0.378696
GAGATA	0.247838
GAGATC	0.0618784
GAGATG	0.103018
GAGATT	0.0668602
GAGCAA	0.681808
GAGCAC	0.322021
GAGCAG	0.578209
GAGCAT	1.02628
GAGCCA	1.37336
GAGCCC	1.49936
GAGCCG	0.971016
GAGCCT	1.94074
GAGCGA	1.04695
GAGCGC	0.235507
GAGCGG	0.618786
GAGCGT	2.27218
GAGCTA	0.55365
GAGCTC	0.284734
GAGCTG	0.593399
GAGCTT	0.513603
GAGGAA	0.401693
GAGGAC	0.215046
GAGGAG	0.240167
GAGGAT	0.503317
GAGGCA	0.611116
GAGGCC	0.944699
GAGGCG	0.450829
GAGGCT	0.765745
GAGGGA	0.948095
GAGGGC	0.588494
GAGGGG	0.294934
GAGGGT	0.844859
GAGGTA	0.664382
GAGGTC	0.0486256
GAGGTG	0.343023
GAGGTT	0.26744
GAGTAA	0.409845
GAGTAC	1.26867
GAGTAG	0.132042
GAGTAT	0.773483
GAGTCA	0.604559
GAGTCC	0.137209
GAGTCG	0
GAGTCT	0.299129
GAGTGA	0.709637
GAGTGC	0.479605
GAGTGG	0.622541
GAGTGT	1.02775
GAGTTA	0.239076
GAGTTC	0.160464
GAGTTG	0.303443
GAGTTT	0.0929544
GATAAA	0.23035
GATAAC	0.167862
GATAAG	0.142797
GATAAT	0.357261
GATACA	0.494639
GATACC	0.751379
GATACG	0
GATACT	0.748409
GATAGA	0.464089
GATAGC	0
GATAGG	0.154696
GATAGT	0.654052
GATATA	0.589867
GATATC	0.228681
GATATG	0.120912
GATATT	0.103809
GATCAA	0.381751
GATCAC	0.90742
GATCAG	0.821822
GATCAT	1.04245
GATCCA	2.04802
GATCCC	1.93608
GATCCG	2.05813
GATCCT	1.13576
GATCGA	1.38717
GATCGC	1.13518
GATCGG	1.00184
GATCGT	1.35734
GATCTA	0.876613
GATCTC	0.435712
GATCTG	0.182768
GATCTT	1.11908
GATGAA	0.266988
GATGAC	0.252464
GATGAG	0.144762
GATGAT	0.326181
GATGCA	0.548838
GATGCC	0.91033
GATGCG	0.272052
GATGCT	1.56057
GATGGA	0.52162
GATGGC	0.708445
GATGGG	0.552265
GATGGT	1.12001
GATGTA	0.232044
GATGTC	0.355584
GATGTG	0.37391
GATGTT	0.454073
GATTAA	0.353261
GATTAC	0.774431
GATTAG	0.85292
GATTAT	0.769709
GATTCA	0.627575
GATTCC	0.106976
GATTCG	0
GATTCT	0.478959
GATTGA	0.763503
GATTGC	0.693584
GATTGG	0.701292
GATTGT	1.13074
GATTTA	0.294935
GATTTC	0
GATTTG	0.220173
GATTTT	0.183744
GCAAAA	1.36221
GCAAAC	1.58926
GCAAAG	0.914724
GCAAAT	0.856781
GCAACA	1.95798
GCAACC	2.44162
GCAACG	0.664379
GCAACT	1.46356
GCAAGA	1.75322
GCAAGC	0.908148
GCAAGG	0.882743
GCAAGT	1.25231
GCAATA	1.24982
GCAATC	0.563536
GCAATG	0.366955
GCAATT	0.458691
GCACAA	2.29792
GCACAC	2.95251
GCACAG	1.81021
GCACAT	2.42754
GCACCA	5.16071
GCACCC	5.75017
GCACCG	1.67862
GCACCT	4.80498
GCACGA	1.76549
GCACGC	3.12113
GCACGG	2.11214
GCACGT	3.9631
GCACTA	1.75322
GCACTC	1.43228
GCACTG	0.984848
GCACTT	1.70584
GCAGAA	1.5706
GCAGAC	1.68964
GCAGAG	0.507141
GCAGAT	1.24777
GCAGCA	2.01567
GCAGCC	2.91522
GCAGCG	1.01436
GCAGCT	2.59156
GCAGGA	2.06938
GCAGGC	1.74604
GCAGGG	1.12306
GCAGGT	1.64911
GCAGTA	1.47271
GCAGTC	0.494381
GCAGTG	0.490177
GCAGTT	1.12944
GCATAA	2.06341
GCATAC	3.26463
GCATAG	1.11711
GCATAT	1.77958
GCATCA	1.52254
GCATCC	1.67862
GCATCG	1.00717
GCATCT	2.13304
GCATGA	2.57366
GCATGC	2.05958
GCATGG	1.63066
GCATGT	2.7323
GCATTA	0.963605
GCATTC	0.537922
GCATTG	0.400737
GCATTT	0.521227
GCCAAA	0.290188
GCCAAC	0.152454
GCCAAG	0.272443
GCCAAT	0.244635
GCCACA	0.585492
GCCACC	0.983627
GCCACG	0.194802
GCCACT	0.885163
GCCAGA	0.60959
GCCAGC	0.299484
GCCAGG	0.305795
GCCAGT	0.470012
GCCATA	0.140884
GCCATC	0.188594
GCCATG	0.161559
GCCATT	0.333595
GCCCAA	2.14594
GCCCAC	1.12707
GCCCAG	1.28534
GCCCAT	1.4826
GCCCCA	2.7956
GCCCCC	2.89818
GCCCCG	1.40466
GCCCCT	2.27973
GCCCGA	1.77792
GCCCGC	0.623674
GCCCGG	0.248488
GCCCGT	1.54887
GCCCTA	1.11513
GCCCTC	0.905029
GCCCTG	0.759549
GCCCTT	1.08427
GCCGAA	0.384853
GCCGAC	1.24982
GCCGAG	0.399468
GCCGAT	1.03469
GCCGCA	0.79692
GCCGCC	1.03809
GCCGCG	0
GCCGCT	1.14459
GCCGGA	0.784051
GCCGGC	0.73051
GCCGGG	0.256049
GCCGGT	1.20451
GCCGTA	0.553649
GCCGTC	0.444479
GCCGTG	0.222239
GCCGTT	0.32202
GCCTAA	0.945561
GCCTAC	0.909079
GCCTAG	1.38413
GCCTAT	1.36025
GCCTCA	0.617273
GCCTCC	0.670676
GCCTCG	0.273624
GCCTCT	0.887175
GCCTGA	1.74613
GCCTGC	1.23488
GCCTGG	0.883347
GCCTGT	1.32932
GCCTTA	0.328728
GCCTTC	0.138818
GCCTTG	0.258673
GCCTTT	0.481801
GCGAAA	0.44137
GCGAAC	0
GCGAAG	0
GCGAAT	0.80918
GCGACA	0.358614
GCGACC	0.399468
GCGACG	0
GCGACT	0.769707
GCGAGA	0.772848
GCGAGC	0.460701
GCGAGG	0.791774
GCGAGT	0
GCGATA	0.751382
GCGATC	0.267441
GCGATG	0
GCGATT	0.237278
GCGCAA	1.80332
GCGCAC	1.22318
GCGCAG	0.70129
GCGCAT	1.54696
GCGCCA	2.7379
GCGCCC	2.14864
GCGCCG	0
GCGCCT	2.06712
GCGCGA	0.525966
GCGCGC	2.36684
GCGCGG	0.312455
GCGCGT	3.00552
GCGCTA	0
GCGCTC	0.235507
GCGCTG	0.292204
GCGCTT	0.79558
GCGGAA	0.949114
GCGGAC	1.43445
GCGGAG	0.123757
GCGGAT	0.429361
GCGGCA	0.809181
GCGGCC	1.50276
GCGGCG	1.26232
GCGGCT	1.5851
GCGGGA	1.28809
GCGGGC	0.803292
GCGGGG	0.476947
GCGGGT	0.436287
GCGGTA	0
GCGGTC	0.343022
GCGGTG	0.169667
GCGGTT	0
GCGTAA	0.618784
GCGTAC	1.61836
GCGTAG	1.45652
GCGTAT	0.769707
GCGTCA	1.05193
GCGTCC	0.447631
GCGTCG	0
GCGTCT	0.350645
GCGTGA	0.968039
GCGTGC	0.991352
GCGTGG	0.986189
GCGTGT	1.80728
GCGTTA	1.26232
GCGTTC	0
GCGTTG	0.346791
GCGTTT	0.460701
GCTAAA	1.4252
GCTAAC	1.33156
GCTAAG	0.788954
GCTAAT	0.433291
GCTACA	1.68061
GCTACC	2.77799
GCTACG	0.399468
GCTACT	1.62431
GCTAGA	1.85635
GCTAGC	1.06375
GCTAGG	1.27938
GCTAGT	0.990605
GCTATA	1.12707
GCTATC	0.244636
GCTATG	0.319846
GCTATT	0.218394
GCTCAA	2.64597
GCTCAC	2.31426
GCTCAG	2.02691
GCTCAT	3.01657
GCTCCA	4.84018
GCTCCC	6.95282
GCTCCG	2.54258
GCTCCT	5.27268
GCTCGA	3.15582
GCTCGC	2.48488
GCTCGG	2.72934
GCTCGT	3.12973
GCTCTA	1.60658
GCTCTC	0.767369
GCTCTG	0.914727
GCTCTT	1.77995
GCTGAA	1.05545
GCTGAC	1.22794
GCTGAG	0.704769
GCTGAT	1.14634
GCTGCA	2.02414
GCTGCC	2.40902
GCTGCG	0.882746
GCTGCT	2.41927
GCTGGA	1.7127
GCTGGC	1.90243
GCTGGG	1.06951
GCTGGT	1.73515
GCTGTA	0.890097
GCTGTC	0.773751
GCTGTG	0.451508
GCTGTT	0.795163
GCTTAA	2.37765
GCTTAC	2.19534
GCTTAG	3.32189
GCTTAT	2.23732
GCTTCA	1.2813
GCTTCC	1.84473
GCTTCG	0.745464
GCTTCT	1.48643
GCTTGA	2.5002
GCTTGC	3.19382
GCTTGG	2.26543
GCTTGT	2.99873
GCTTTA	0.93046
GCTTTC	0.295857
GCTTTG	0.849095
GCTTTT	0.445106
GGAAAA	0.567973
GGAAAC	0.750532
GGAAAG	0.322753
GGAAAT	0.33974
GGAACA	1.16236
GGAACC	0.968039
GGAACG	0
GGAACT	1.08354
GGAAGA	0.797726
GGAAGC	0.917016
GGAAGG	0.374576
GGAAGT	0.728964
GGAATA	0.460703
GGAATC	0
GGAATG	0.302716
GGAATT	0.0800965
GGACAA	1.09988
GGACAC	1.35073
GGACAG	1.34627
GGACAT	1.67652
GGACCA	2.74696
GGACCC	3.29394
GGACCG	0
GGACCT	3.41537
GGACGA	1.95204
GGACGC	0.888958
GGACGG	0.332189
GGACGT	2.71692
GGACTA	1.13723
GGACTC	0.524718
GGACTG	0.572741
GGACTT	1.66476
GGAGAA	0.442402
GGAGAC	0.831691
GGAGAG	0.379514
GGAGAT	0.926664
GGAGCA	0.887709
GGAGCC	1.53461
GGAGCG	0.356587
GGAGCT	1.58399
GGAGGA	1.14885
GGAGGC	0.957419
GGAGGG	0.673424
GGAGGT	1.01273
GGAGTA	0.219152
GGAGTC	0.507978
GGAGTG	0.113518
GGAGTT	0.335725
GGATAA	1.30886
GGATAC	1.35008
GGATAG	0.671448
GGATAT	2.32686
GGATCA	0.782431
GGATCC	0.413875
GGATCG	0
GGATCT	0.972371
GGATGA	1.58424
GGATGC	1.58743
GGATGG	1.0734
GGATGT	1.52947
GGATTA	0.343645
GGATTC	0.215413
GGATTG	0.827752
GGATTT	0.485508
GGCAAA	0.35726
GGCAAC	0.355383
GGCAAG	0.229513
GGCAAT	0.228681
GGCACA	0.577987
GGCACC	0.448267
GGCACG	0.227856
GGCACT	0.553649
GGCAGA	0.443011
GGCAGC	0.189348
GGCAGG	0.389396
GGCAGT	0.327592
GGCATA	0.274418
GGCATC	0.412524
GGCATG	0.16288
GGCATT	0.549517
GGCCAA	1.16536
GGCCAC	0.91632
GGCCAG	0.651197
GGCCAT	1.15373
GGCCCA	2.39854
GGCCCC	2.23881
GGCCCG	1.37208
GGCCCT	2.62408
GGCCGA	0.931604
GGCCGC	0.548837
GGCCGG	0.590656
GGCCGT	1.29469
GGCCTA	0.316636
GGCCTC	0.551451
GGCCTG	0.683187
GGCCTT	0.594501
GGCGAA	0.297717
GGCGAC	0.760435
GGCGAG	0.134863
GGCGAT	0.733907
GGCGCA	0.26858
GGCGCC	1.06775
GGCGCG	0
GGCGCT	0.891469
GGCGGA	0.31349
GGCGGC	0.39779
GGCGGG	0.471017
GGCGGT	1.14065
GGCGTA	0
GGCGTC	0.599202
GGCGTG	0.12523
GGCGTT	0
GGCTAA	0.533754
GGCTAC	0.34935
GGCTAG	0.52076
GGCTAT	1.13869
GGCTCA	0.466375
GGCTCC	0.447104
GGCTCG	0
GGCTCT	0.621068
GGCTGA	0.623676
GGCTGC	0.723317
GGCTGG	0.423484
GGCTGT	0.702034
GGCTTA	0.0983117
GGCTTC	0.177692
GGCTTG	0.354584
GGCTTT	0.222553
GGGAAA	0.32873
GGGAAC	0.248
GGGAAG	0.16309
GGGAAT	0
GGGACA	0.533376
GGGACC	0.485508
GGGACG	0.294933
GGGACT	0.634787
GGGAGA	0.147882
GGGAGC	0.0798936
GGGAGG	0.173715
GGGAGT	0.117754
GGGATA	0.147467
GGGATC	0.0942027
GGGATG	0.140466
GGGATT	0.14194
GGGCAA	0.765706
GGGCAC	0.865228
GGGCAG	0.603569
GGGCAT	0.827361
GGGCCA	1.85208
GGGCCC	2.04217
GGGCCG	0.786497
GGGCCT	1.80331
GGGCGA	0.286891
GGGCGC	0.485509
GGGCGG	0.510372
GGGCGT	0.977462
GGGCTA	0.976025
GGGCTC	0.412074
GGGCTG	0.353649
GGGCTT	0.661394
GGGGAA	0.233269
GGGGAC	0.424167
GGGGAG	0.145317
GGGGAT	0.436573
GGGGCA	0.562907
GGGGCC	0.621555
GGGGCG	0.104497
GGGGCT	0.696953
GGGGGA	0.575877
GGGGGC	0.723493
GGGGGG	0.264305
GGGGGT	0.840957
GGGGTA	0.201649
GGGGTC	0.113723
GGGGTG	0.139022
GGGGTT	0.33707
GGGTAA	0.194802
GGGTAC	0.641423
GGGTAG	0.312457
GGGTAT	0.406326
GGGTCA	0.60302
GGGTCC	0.449226
GGGTCG	0.52162
GGGTCT	0.525965
GGGTGA	0.874589
GGGTGC	0.606885
GGGTGG	0.565219
GGGTGT	0.798939
GGGTTA	0.353261
GGGTTC	0.135831
GGGTTG	0.174033
GGGTTT	0.313145
GGTAAA	0.722703
GGTAAC	0.47997
GGTAAG	0.285162
GGTAAT	0.909079
GGTACA	1.04038
GGTACC	0.809181
GGTACG	0
GGTACT	1.14757
GGTAGA	0.37391
GGTAGC	0.368383
GGTAGG	0.780084
GGTAGT	1.04695
GGTATA	0.480579
GGTATC	0.392025
GGTATG	0.49894
GGTATT	0.223816
GGTCAA	2.22649
GGTCAC	2.01006
GGTCAG	1.51572
GGTCAT	2.04922
GGTCCA	5.12005
GGTCCC	3.99398
GGTCCG	2.35006
GGTCCT	2.89081
GGTCGA	1.527
GGTCGC	1.28808
GGTCGG	1.61245
GGTCGT	1.72921
GGTCTA	1.13285
GGTCTC	0.734807
GGTCTG	0.660405
GGTCTT	1.17098
GGTGAA	0.433489
GGTGAC	0.901657
GGTGAG	0.421206
GGTGAT	1.03558
GGTGCA	0.759896
GGTGCC	1.88809
GGTGCG	0.4323
GGTGCT	1.8979
GGTGGA	1.32103
GGTGGC	0.971016
GGTGGG	0.45167
GGTGGT	1.36739
GGTGTA	0.109576
GGTGTC	0.528169
GGTGTG	0.203788
GGTGTT	0.645238
GGTTAA	0.635396
GGTTAC	1.47092
GGTTAG	0.196623
GGTTAT	0.8066
GGTTCA	0.455165
GGTTCC	0.550432
GGTTCG	0.32202
GGTTCT	0.883429
GGTTGA	1.04695
GGTTGC	1.51106
GGTTGG	0.665547
GGTTGT	0.852917
GGTTTA	0.0843795
GGTTTC	0.20448
GGTTTG	0.295329
GGTTTT	0.218394
GTAAAA	1.018
GTAAAC	1.28808
GTAAAG	1.24105
GTAAAT	0.524509
GTAACA	1.91493
GTAACC	3.08241
GTAACG	0.493094
GTAACT	1.68177
GTAAGA	1.87209
GTAAGC	2.1615
GTAAGG	1.21845
GTAAGT	2.00536
GTAATA	0.65473
GTAATC	0.454073
GTAATG	0.936038
GTAATT	0.761745
GTACAA	1.66722
GTACAC	2.37056
GTACAG	1.73942
GTACAT	2.12049
GTACCA	3.65536
GTACCC	6.2854
GTACCG	4.20775
GTACCT	5.8261
GTACGA	1.66095
GTACGC	2.93564
GTACGG	1.72135
GTACGT	3.62141
GTACTA	1.51305
GTACTC	0.758608
GTACTG	1.05634
GTACTT	2.01435
GTAGAA	1.5093
GTAGAC	2.83378
GTAGAG	0.906514
GTAGAT	0.664379
GTAGCA	1.87209
GTAGCC	4.3674
GTAGCG	1.31492
GTAGCT	2.28066
GTAGGA	1.67565
GTAGGC	1.71655
GTAGGG	1.40466
GTAGGT	1.86158
GTAGTA	0.547249
GTAGTC	0.669077
GTAGTG	0.31349
GTAGTT	0.487383
GTATAA	1.44762
GTATAC	1.77514
GTATAG	1.76302
GTATAT	2.6499
GTATCA	0.932091
GTATCC	1.91907
GTATCG	0.956305
GTATCT	1.28808
GTATGA	1.10947
GTATGC	1.28809
GTATGG	2.05493
GTATGT	2.75917
GTATTA	0.40116
GTATTC	0.327026
GTATTG	0.717229
GTATTT	0.558169
GTCAAA	0.823967
GTCAAC	0.754376
GTCAAG	0.472426
GTCAAT	0
GTCACA	1.02795
GTCACC	1.26985
GTCACG	0.901658
GTCACT	1.44232
GTCAGA	0.754143
GTCAGC	0.704133
GTCAGG	0.534882
GTCAGT	1.17462
GTCATA	0.139638
GTCATC	0.393491
GTCATG	0.251793
GTCATT	0.236094
GTCCAA	1.81195
GTCCAC	1.61592
GTCCAG	1.25278
GTCCAT	2.31194
GTCCCA	2.43435
GTCCCC	3.04954
GTCCCG	1.05193
GTCCCT	2.69642
GTCCGA	2.68579
GTCCGC	3.07884
GTCCGG	0
GTCCGT	0.760434
GTCCTA	1.55204
GTCCTC	0.989625
GTCCTG	1.1118
GTCCTT	1.11536
GTCGAA	0.618784
GTCGAC	1.12707
GTCGAG	0.657458
GTCGAT	1.80331
GTCGCA	0.415237
GTCGCC	1.76412
GTCGCG	0
GTCGCT	1.83833
GTCGGA	0.87661
GTCGGC	1.31492
GTCGGG	0.362735
GTCGGT	1.21377
GTCGTA	0.852917
GTCGTC	0
GTCGTG	0.339333
GTCGTT	0.42646
GTCTAA	1.00185
GTCTAC	1.16881
GTCTAG	1.66095
GTCTAT	1.80801
GTCTCA	0.928178
GTCTCC	0.494382
GTCTCG	0.534883
GTCTCT	0.630418
GTCTGA	1.30405
GTCTGC	1.24571
GTCTGG	1.1254
GTCTGT	1.7156
GTCTTA	0.777836
GTCTTC	0.117535
GTCTTG	0.217642
GTCTTT	0.510647
GTGAAA	0.469014
GTGAAC	0.633978
GTGAAG	0.265938
GTGAAT	0.457362
GTGACA	0.788952
GTGACC	2.03215
GTGACG	0.968038
GTGACT	0.943597
GTGAGA	0.508414
GTGAGC	0.983394
GTGAGG	0.467031
GTGAGT	0.296319
GTGATA	0.117754
GTGATC	0.11171
GTGATG	0.420075
GTGATT	0.286891
GTGCAA	0.930282
GTGCAC	1.36133
GTGCAG	1.07482
GTGCAT	1.44761
GTGCCA	1.92255
GTGCCC	3.3643
GTGCCG	0.534881
GTGCCT	2.90767
GTGCGA	1.20451
GTGCGC	1.73942
GTGCGG	0.534881
GTGCGT	1.89693
GTGCTA	0.540376
GTGCTC	0.686044
GTGCTG	0.843045
GTGCTT	0.483854
GTGGAA	0.800203
GTGGAC	1.03187
GTGGAG	0.538877
GTGGAT	0.81887
GTGGCA	0.82796
GTGGCC	1.56834
GTGGCG	0.525968
GTGGCT	1.52233
GTGGGA	1.17807
GTGGGC	0.802632
GTGGGG	0.667188
GTGGGT	1.74113
GTGGTA	0.525967
GTGGTC	0.370027
GTGGTG	0.253941
GTGGTT	0.400822
GTGTAA	1.40498
GTGTAC	1.35896
GTGTAG	0.930917
GTGTAT	1.60321
GTGTCA	0.707844
GTGTCC	0.79816
GTGTCG	0.265193
GTGTCT	0.969659
GTGTGA	1.88719
GTGTGC	1.17974
GTGTGG	1.05378
GTGTGT	1.60194
GTGTTA	0.697417
GTGTTC	0.226492
GTGTTG	0.252464
GTGTTT	0.360435
GTTAAA	1.25917
GTTAAC	1.24367
GTTAAG	1.12707
GTTAAT	0.856222
GTTACA	1.30136
GTTACC	2.18037
GTTACG	1.26232
GTTACT	0.420775
GTTAGA	1.03469
GTTAGC	1.66826
GTTAGG	1.2487
GTTAGT	1.16403
GTTATA	0.744294
GTTATC	0.317166
GTTATG	0.515232
GTTATT	0.541437
GTTCAA	1.90436
GTTCAC	1.95877
GTTCAG	2.37466
GTTCAT	2.41592
GTTCCA	4.91413
GTTCCC	5.96232
GTTCCG	2.16151
GTTCCT	5.34799
GTTCGA	2.44847
GTTCGC	2.17642
GTTCGG	1.5779
GTTCGT	3.27488
GTTCTA	2.08195
GTTCTC	0.970137
GTTCTG	1.39432
GTTCTT	1.42981
GTTGAA	1.26513
GTTGAC	1.93516
GTTGAG	0.766307
GTTGAT	0.748409
GTTGCA	1.78848
GTTGCC	2.35083
GTTGCG	0.415237
GTTGCT	2.72396
GTTGGA	1.83928
GTTGGC	1.26829
GTTGGG	1.50277
GTTGGT	1.90568
GTTGTA	1.07432
GTTGTC	1.05585
GTTGTG	0.544107
GTTGTT	1.41834
GTTTAA	1.31188
GTTTAC	2.47074
GTTTAG	1.60658
GTTTAT	1.77111
GTTTCA	0.891051
GTTTCC	1.34988
GTTTCG	0
GTTTCT	1.6713
GTTTGA	2.17449
GTTTGC	1.86479
GTTTGG	1.8286
GTTTGT	2.36685
GTTTTA	0.33219
GTTTTC	0.267064
GTTTTG	0.461825
GTTTTT	0.703244
TAAAAA	0.779951
TAAAAC	0.986188
TAAAAG	0.681109
TAAAAT	0.233763
TAAACA	1.04988
TAAACC	0.832663
TAAACG	1.81368
TAAACT	1.19651
TAAAGA	1.00824
TAAAGC	1.61836
TAAAGG	0.60949
TAAAGT	0.394475
TAAATA	0.429037
TAAATC	0.392027
TAAATG	0.446841
TAAATT	0.16906
TAACAA	1.65304
TAACAC	1.47386
TAACAG	1.6452
TAACAT	1.21711
TAACCA	2.98241
TAACCC	3.4666
TAACCG	1.60464
TAACCT	2.94935
TAACGA	1.39227
TAACGC	2.47514
TAACGG	0
TAACGT	2.94541
TAACTA	2.0174
TAACTC	0.491178
TAACTG	1.482
TAACTT	0.995764
TAAGAA	1.38098
TAAGAC	1.4078
TAAGAG	1.018
TAAGAT	0.816155
TAAGCA	1.35572
TAAGCC	1.08143
TAAGCG	0.438305
TAAGCT	1.76631
TAAGGA	1.29802
TAAGGC	0.849639
TAAGGG	1.27013
TAAGGT	0.599962
TAAGTA	0.624912
TAAGTC	0.649344
TAAGTG	0.43349
TAAGTT	0.357598
TAATAA	1.66397
TAATAC	1.20861
TAATAG	1.46519
TAATAT	1.49439
TAATCA	1.0945
TAATCC	0.987815
TAATCG	0.788948
TAATCT	1.60295
TAATGA	1.85161
TAATGC	2.76315
TAATGG	1.48509
TAATGT	1.68706
TAATTA	0.579806
TAATTC	0.280101
TAATTG	0.92818
TAATTT	0.353393
TACAAA	0.230071
TACAAC	0.126232
TACAAG	0.108447
TACAAT	0
TACACA	0.308787
TACACC	0.56964
TACACG	0
TACACT	0.788954
TACAGA	0.469459
TACAGC	0.227036
TACAGG	0.258068
TACAGT	0.422652
TACATA	0.0936439
TACATC	0.344268
TACATG	0.458691
TACATT	0.214195
TACCAA	0.591713
TACCAC	0.42839
TACCAG	0.671447
TACCAT	0.190108
TACCCA	1.16882
TACCCC	1.59923
TACCCG	1.63938
TACCCT	1.43882
TACCGA	0.553649
TACCGC	1.00184
TACCGG	0
TACCGT	1.43445
TACCTA	0.762271
TACCTC	0.346792
TACCTG	1.04038
TACCTT	0.686047
TACGAA	0.40459
TACGAC	0
TACGAG	0
TACGAT	0
TACGCA	0.841546
TACGCC	1.37209
TACGCG	0
TACGCT	0.517344
TACGGA	1.05193
TACGGC	0
TACGGG	0
TACGGT	0.986188
TACGTA	0
TACGTC	0
TACGTG	0.530387
TACGTT	0.354584
TACTAA	0.471013
TACTAC	0.344896
TACTAG	0.705208
TACTAT	0.523784
TACTCA	0.356186
TACTCC	0.425023
TACTCG	0
TACTCT	0.759417
TACTGA	0.511751
TACTGC	0.447633
TACTGG	1.03469
TACTGT	1.28634
TACTTA	0.318767
TACTTC	0
TACTTG	0.598662
TACTTT	0.242288
TAGAAA	0.442778
TAGAAC	0.379076
TAGAAG	0.317485
TAGAAT	0.233187
TAGACA	0.357598
TAGACC	0.466374
TAGACG	0
TAGACT	0.490033
TAGAGA	0.342094
TAGAGC	0.325341
TAGAGG	0.222763
TAGAGT	0.195405
TAGATA	0.116022
TAGATC	0.32534
TAGATG	0.173396
TAGATT	0.180331
TAGCAA	0.731782
TAGCAC	1.59384
TAGCAG	0.421711
TAGCAT	1.29827
TAGCCA	1.69527
TAGCCC	1.76549
TAGCCG	0.450828
TAGCCT	1.1171
TAGCGA	1.60464
TAGCGC	2.42754
TAGCGG	0.94203
TAGCGT	1.6906
TAGCTA	1.14065
TAGCTC	0.469613
TAGCTG	0.734912
TAGCTT	0.490033
TAGGAA	0.46022
TAGGAC	0.633694
TAGGAG	0.194803
TAGGAT	0.336918
TAGGCA	0.976021
TAGGCC	0.491559
TAGGCG	0.733907
TAGGCT	1.13443
TAGGGA	0.634785
TAGGGC	0.557564
TAGGGG	0.664382
TAGGGT	1.60658
TAGGTA	0.256569
TAGGTC	0
TAGGTG	0.226492
TAGGTT	0.300552
TAGTAA	0.58225
TAGTAC	1.09577
TAGTAG	0.457362
TAGTAT	0.852923
TAGTCA	0.6987
TAGTCC	0.389605
TAGTCG	0
TAGTCT	0.952177
TAGTGA	1.05193
TAGTGC	0.667895
TAGTGG	0.542544
TAGTGT	0.859559
TAGTTA	0.279275
TAGTTC	0.106615
TAGTTG	0.589867
TAGTTT	0.141516
TATAAA	0.709782
TATAAC	0.14816
TATAAG	0.496976
TATAAT	0.386741
TATACA	0.886462
TATACC	1.35525
TATACG	0
TATACT	1.23757
TATAGA	0.455712
TATAGC	0.33045
TATAGG	0.357261
TATAGT	0.880687
TATATA	0.543064
TATATC	1.08821
TATATG	0.372367
TATATT	0.311224
TATCAA	2.0794
TATCAC	2.24612
TATCAG	1.65472
TATCAT	0.959943
TATCCA	5.47178
TATCCC	5.13734
TATCCG	3.2873
TATCCT	5.63118
TATCGA	1.97238
TATCGC	2.55875
TATCGG	0
TATCGT	4.11627
TATCTA	1.10515
TATCTC	1.05193
TATCTG	1.23919
TATCTT	1.14617
TATGAA	0.797256
TATGAC	0.636253
TATGAG	0
TATGAT	0.334538
TATGCA	1.98315
TATGCC	1.41688
TATGCG	0
TATGCT	1.79818
TATGGA	1.50875
TATGGC	1.63939
TATGGG	0.650683
TATGGT	2.10388
TATGTA	0.707184
TATGTC	0.843149
TATGTG	0.275016
TATGTT	0.36781
TATTAA	1.24367
TATTAC	1.27765
TATTAG	0.852923
TATTAT	1.22688
TATTCA	1.02747
TATTCC	1.01391
TATTCG	0
TATTCT	1.03681
TATTGA	1.86857
TATTGC	0.869706
TATTGG	1.018
TATTGT	1.77514
TATTTA	0.389007
TATTTC	0.103131
TATTTG	0.529893
TATTTT	0.281188
TCAAAA	0.896359
TCAAAC	1.38463
TCAAAG	1.20841
TCAAAT	0.791777
TCAACA	1.55093
TCAACC	2.13674
TCAACG	1.11381
TCAACT	1.73487
TCAAGA	1.75322
TCAAGC	1.55612
TCAAGG	1.22664
TCAAGT	1.06025
TCAATA	0.945561
TCAATC	0.646683
TCAATG	0.384854
TCAATT	0.950541
TCACAA	2.76825
TCACAC	2.64558
TCACAG	2.28279
TCACAT	1.9531
TCACCA	4.89404
TCACCC	5.81332
TCACCG	2.61943
TCACCT	4.54765
TCACGA	3.2576
TCACGC	2.57212
TCACGG	1.3429
TCACGT	2.89819
TCACTA	1.97856
TCACTC	1.82751
TCACTG	1.54146
TCACTT	1.49211
TCAGAA	1.6826
TCAGAC	1.36179
TCAGAG	1.03257
TCAGAT	1.27339
TCAGCA	2.86892
TCAGCC	2.23891
TCAGCG	0.637536
TCAGCT	1.53407
TCAGGA	2.00283
TCAGGC	1.75544
TCAGGG	1.27472
TCAGGT	1.77351
TCAGTA	0.879053
TCAGTC	0.563536
TCAGTG	0.621222
TCAGTT	1.36751
TCATAA	2.73674
TCATAC	3.35131
TCATAG	1.65073
TCATAT	1.48073
TCATCA	2.0119
TCATCC	1.91448
TCATCG	1.09767
TCATCT	1.96725
TCATGA	2.44162
TCATGC	2.94291
TCATGG	2.11632
TCATGT	3.23365
TCATTA	1.05194
TCATTC	0.433045
TCATTG	0.854848
TCATTT	0.975708
TCCAAA	0.325901
TCCAAC	0.2036
TCCAAG	0.379456
TCCAAT	0.417064
TCCACA	0.323435
TCCACC	0.862635
TCCACG	0.304908
TCCACT	0.518289
TCCAGA	0.432894
TCCAGC	0.738921
TCCAGG	0.537023
TCCAGT	0.382521
TCCATA	0.119087
TCCATC	0.355154
TCCATG	0.119992
TCCATT	0.0657458
TCCCAA	1.20364
TCCCAC	1.19019
TCCCAG	1.46394
TCCCAT	1.02848
TCCCCA	2.57765
TCCCCC	2.96301
TCCCCG	1.75836
TCCCCT	2.8982
TCCCGA	2.4527
TCCCGC	2.13674
TCCCGG	0.815149
TCCCGT	1.0734
TCCCTA	1.04612
TCCCTC	0.608116
TCCCTG	0.68729
TCCCTT	0.976021
TCCGAA	0
TCCGAC	0
TCCGAG	0.496976
TCCGAT	0.493094
TCCGCA	1.16882
TCCGCC	0.652925
TCCGCG	0
TCCGCT	1.00184
TCCGGA	0
TCCGGC	0.595434
TCCGGG	0.146102
TCCGGT	0.595434
TCCGTA	0.450828
TCCGTC	0.341168
TCCGTG	0.140884
TCCGTT	0.852919
TCCTAA	1.18047
TCCTAC	1.14277
TCCTAG	1.57791
TCCTAT	1.018
TCCTCA	0.828796
TCCTCC	0.498762
TCCTCG	0
TCCTCT	0.811866
TCCTGA	1.52349
TCCTGC	1.33344
TCCTGG	1.03145
TCCTGT	1.52993
TCCTTA	0.313232
TCCTTC	0.334429
TCCTTG	0.442402
TCCTTT	0.412316
TCGAAA	0.62491
TCGAAC	0.269726
TCGAAG	0.63116
TCGAAT	0
TCGACA	0.573782
TCGACC	1.03469
TCGACG	0
TCGACT	0.517344
TCGAGA	0.692061
TCGAGC	0
TCGAGG	0.193607
TCGAGT	0.733907
TCGATA	0
TCGATC	0
TCGATG	0.471015
TCGATT	0.50092
TCGCAA	0.53488
TCGCAC	1.51305
TCGCAG	0.412523
TCGCAT	1.46782
TCGCCA	2.19153
TCGCCC	3.48883
TCGCCG	1.61836
TCGCCT	2.74417
TCGCGA	2.74418
TCGCGC	0.517344
TCGCGG	0.751382
TCGCGT	7.88951
TCGCTA	0.618784
TCGCTC	0.320386
TCGCTG	0.888961
TCGCTT	1.05697
TCGGAA	0.776017
TCGGAC	1.018
TCGGAG	0.225414
TCGGAT	0.478151
TCGGCA	2.16811
TCGGCC	0.725474
TCGGCG	0.80918
TCGGCT	0.67145
TCGGGA	0.457362
TCGGGC	1.05193
TCGGGG	0.206261
TCGGGT	0.7635
TCGGTA	0
TCGGTC	0
TCGGTG	0.399468
TCGGTT	0.244636
TCGTAA	0.87661
TCGTAC	2.42754
TCGTAG	0.914724
TCGTAT	2.25414
TCGTCA	0.269726
TCGTCC	0.328729
TCGTCG	1.31491
TCGTCT	0.622855
TCGTGA	0.852921
TCGTGC	2.07316
TCGTGG	1.17851
TCGTGT	1.67196
TCGTTA	0.415237
TCGTTC	0.31558
TCGTTG	0.380217
TCGTTT	0.206261
TCTAAA	1.07072
TCTAAC	0.711833
TCTAAG	0.81126
TCTAAT	0.644042
TCTACA	1.92931
TCTACC	1.80061
TCTACG	0.78895
TCTACT	1.43949
TCTAGA	1.55204
TCTAGC	1.45812
TCTAGG	1.14756
TCTAGT	1.4454
TCTATA	0.80918
TCTATC	0.464089
TCTATG	0.0942027
TCTATT	0.421898
TCTCAA	2.55599
TCTCAC	2.82499
TCTCAG	2.05211
TCTCAT	3.03349
TCTCCA	5.88369
TCTCCC	6.12806
TCTCCG	2.22524
TCTCCT	5.26388
TCTCGA	2.59381
TCTCGC	5.1468
TCTCGG	3.03227
TCTCGT	2.23816
TCTCTA	1.6173
TCTCTC	1.03428
TCTCTG	1.39263
TCTCTT	1.88892
TCTGAA	1.40917
TCTGAC	1.99504
TCTGAG	0.841134
TCTGAT	1.82671
TCTGCA	1.84512
TCTGCC	3.32334
TCTGCG	0.942026
TCTGCT	2.85382
TCTGGA	2.51934
TCTGGC	1.86419
TCTGGG	1.32127
TCTGGT	2.07835
TCTGTA	0.562621
TCTGTC	0.58727
TCTGTG	0.752502
TCTGTT	1.16742
TCTTAA	2.52946
TCTTAC	2.88348
TCTTAG	2.37094
TCTTAT	2.19605
TCTTCA	1.54425
TCTTCC	1.43163
TCTTCG	0.539453
TCTTCT	1.58524
TCTTGA	3.37077
TCTTGC	2.60121
TCTTGG	1.91814
TCTTGT	2.74861
TCTTTA	0.380872
TCTTTC	0.557453
TCTTTG	0.498487
TCTTTT	0.865261
TGAAAA	0.863459
TGAAAC	0.416731
TGAAAG	0.410814
TGAAAT	0.191261
TGAACA	0.821022
TGAACC	1.16219
TGAACG	1.19538
TGAACT	0.867573
TGAAGA	0.864603
TGAAGC	1.11382
TGAAGG	0.81913
TGAAGT	0.603982
TGAATA	0.31558
TGAATC	0.24719
TGAATG	0.170892
TGAATT	0.33632
TGACAA	1.47929
TGACAC	1.3455
TGACAG	1.23688
TGACAT	1.30311
TGACCA	2.71467
TGACCC	3.96916
TGACCG	0.910326
TGACCT	2.98025
TGACGA	1.08821
TGACGC	1.79598
TGACGG	0.835975
TGACGT	2.42753
TGACTA	1.20534
TGACTC	1.04578
TGACTG	1.49564
TGACTT	1.27323
TGAGAA	0.553651
TGAGAC	0.655303
TGAGAG	0.606198
TGAGAT	0.771689
TGAGCA	0.763193
TGAGCC	1.31907
TGAGCG	0.339333
TGAGCT	1.21644
TGAGGA	1.11381
TGAGGC	0.90684
TGAGGG	0.960782
TGAGGT	1.00523
TGAGTA	0.424548
TGAGTC	0.23953
TGAGTG	0.153009
TGAGTT	0.47278
TGATAA	1.01206
TGATAC	1.74675
TGATAG	0.836765
TGATAT	1.44383
TGATCA	0.912522
TGATCC	0.761268
TGATCG	1.55203
TGATCT	1.28494
TGATGA	1.88165
TGATGC	1.15055
TGATGG	1.3372
TGATGT	2.20539
TGATTA	0.639692
TGATTC	0.141516
TGATTG	0.456041
TGATTT	0.401162
TGCAAA	0.593833
TGCAAC	0.570327
TGCAAG	0.403849
TGCAAT	0.441372
TGCACA	0.351079
TGCACC	0.888958
TGCACG	0.677211
TGCACT	0.45857
TGCAGA	0.333145
TGCAGC	0.503418
TGCAGG	0.374417
TGCAGT	0.409491
TGCATA	0.283456
TGCATC	0.333595
TGCATG	0.471799
TGCATT	0.417988
TGCCAA	1.64962
TGCCAC	1.17909
TGCCAG	1.51722
TGCCAT	1.14134
TGCCCA	2.78454
TGCCCC	2.72516
TGCCCG	1.62671
TGCCCT	2.54207
TGCCGA	2.20685
TGCCGC	1.03712
TGCCGG	1.16882
TGCCGT	1.67072
TGCCTA	1.44678
TGCCTC	0.458411
TGCCTG	1.14917
TGCCTT	1.14896
TGCGAA	1.21377
TGCGAC	0.394475
TGCGAG	0.409844
TGCGAT	0.601105
TGCGCA	0.901657
TGCGCC	0.657459
TGCGCG	0
TGCGCT	0.921403
TGCGGA	0.816156
TGCGGC	0.333947
TGCGGG	0.140258
TGCGGT	0.377187
TGCGTA	0.78895
TGCGTC	0
TGCGTG	0.218394
TGCGTT	0
TGCTAA	0.988997
TGCTAC	0.819694
TGCTAG	0.499599
TGCTAT	1.0848
TGCTCA	0.932566
TGCTCC	0.533376
TGCTCG	0
TGCTCT	0.573131
TGCTGA	1.37515
TGCTGC	1.10678
TGCTGG	0.99807
TGCTGT	1.33016
TGCTTA	0.724546
TGCTTC	0.244952
TGCTTG	0.516639
TGCTTT	0.61344
TGGAAA	0.146102
TGGAAC	0.0742542
TGGAAG	0.167639
TGGAAT	0.505505
TGGACA	0.576111
TGGACC	0.321201
TGGACG	0.222239
TGGACT	0.567337
TGGAGA	0.170216
TGGAGC	0.203272
TGGAGG	0.295436
TGGAGT	0.447632
TGGATA	0.12045
TGGATC	0.0864605
TGGATG	0.172448
TGGATT	0.0767835
TGGCAA	1.00986
TGGCAC	0.844511
TGGCAG	1.04398
TGGCAT	1.25775
TGGCCA	1.90994
TGGCCC	1.87331
TGGCCG	1.0347
TGGCCT	1.96859
TGGCGA	1.43445
TGGCGC	0.551232
TGGCGG	0.208993
TGGCGT	0.660212
TGGCTA	0.51314
TGGCTC	0.329665
TGGCTG	0.687706
TGGCTT	0.400737
TGGGAA	0.544103
TGGGAC	0.423598
TGGGAG	0.351563
TGGGAT	0.480391
TGGGCA	0.764872
TGGGCC	0.60047
TGGGCG	0.263716
TGGGCT	0.52451
TGGGGA	0.44547
TGGGGC	0.590874
TGGGGG	0.4539
TGGGGT	0.680257
TGGGTA	0.271467
TGGGTC	0.219917
TGGGTG	0.195406
TGGGTT	0.201864
TGGTAA	1.3085
TGGTAC	1.29869
TGGTAG	0.499599
TGGTAT	1.05834
TGGTCA	0.658603
TGGTCC	0.419841
TGGTCG	0.306389
TGGTCT	0.405061
TGGTGA	1.15779
TGGTGC	0.904242
TGGTGG	0.738592
TGGTGT	0.995261
TGGTTA	0.442698
TGGTTC	0.224612
TGGTTG	0.442146
TGGTTT	0.267895
TGTAAA	0.5776
TGTAAC	0.48801
TGTAAG	0.525968
TGTAAT	0.355585
TGTACA	1.31835
TGTACC	1.16165
TGTACG	0
TGTACT	1.21045
TGTAGA	0.753008
TGTAGC	0.786497
TGTAGG	0.865678
TGTAGT	0.265194
TGTATA	0.465459
TGTATC	0.224612
TGTATG	0.21468
TGTATT	0.482539
TGTCAA	2.483
TGTCAC	2.32575
TGTCAG	1.50046
TGTCAT	1.60767
TGTCCA	4.82651
TGTCCC	4.85166
TGTCCG	3.10407
TGTCCT	4.85844
TGTCGA	2.92204
TGTCGC	1.20604
TGTCGG	2.55248
TGTCGT	2.27446
TGTCTA	0.918355
TGTCTC	0.766592
TGTCTG	0.861879
TGTCTT	1.60659
TGTGAA	0.554298
TGTGAC	1.02271
TGTGAG	0.726561
TGTGAT	1.0954
TGTGCA	1.75102
TGTGCC	2.00613
TGTGCG	0.152454
TGTGCT	2.47591
TGTGGA	1.39413
TGTGGC	1.53026
TGTGGG	0.878645
TGTGGT	1.60565
TGTGTA	0.409085
TGTGTC	0.476183
TGTGTG	0.34353
TGTGTT	1.26079
TGTTAA	1.11382
TGTTAC	1.51883
TGTTAG	0.773903
TGTTAT	1.76725
TGTTCA	1.51076
TGTTCC	0.584407
TGTTCG	0
TGTTCT	1.34468
TGTTGA	2.05366
TGTTGC	1.29048
TGTTGG	0.587127
TGTTGT	1.86604
TGTTTA	0.532876
TGTTTC	0.283033
TGTTTG	0.267064
TGTTTT	0.583543
TTAAAA	0.891857
TTAAAC	1.24983
TTAAAG	0.683757
TTAAAT	0.586077
TTAACA	1.57076
TTAACC	1.46102
TTAACG	0
TTAACT	1.42304
TTAAGA	1.54092
TTAAGC	1.18477
TTAAGG	1.24454
TTAAGT	1.20145
TTAATA	0.292204
TTAATC	0.616369
TTAATG	0.259381
TTAATT	0.514533
TTACAA	2.31089
TTACAC	1.36784
TTACAG	1.48392
TTACAT	1.64912
TTACCA	3.676
TTACCC	4.66775
TTACCG	2.2146
TTACCT	4.12981
TTACGA	1.72135
TTACGC	3.58614
TTACGG	1.94204
TTACGT	3.32189
TTACTA	1.89822
TTACTC	0.951064
TTACTG	1.13213
TTACTT	1.95492
TTAGAA	1.52155
TTAGAC	1.50996
TTAGAG	1.11218
TTAGAT	0.806884
TTAGCA	1.28808
TTAGCC	1.96012
TTAGCG	0
TTAGCT	2.40369
TTAGGA	2.10387
TTAGGC	0.91662
TTAGGG	1.71614
TTAGGT	2.2324
TTAGTA	0.666718
TTAGTC	0.157004
TTAGTG	0.41118
TTAGTT	0.72087
TTATAA	1.74948
TTATAC	1.34863
TTATAG	0.95921
TTATAT	1.59238
TTATCA	1.23199
TTATCC	1.13156
TTATCG	0.671446
TTATCT	1.52924
TTATGA	2.60944
TTATGC	1.64855
TTATGG	2.329
TTATGT	2.16868
TTATTA	0.377188
TTATTC	0.148159
TTATTG	0.309393
TTATTT	0.643516
TTCAAA	0.545447
TTCAAC	0.349673
TTCAAG	0.488398
TTCAAT	0.249142
TTCACA	0.815153
TTCACC	1.04038
TTCACG	0.297717
TTCACT	1.00912
TTCAGA	0.814152
TTCAGC	0.603982
TTCAGG	0.259737
TTCAGT	0.77921
TTCATA	0.361904
TTCATC	0.230771
TTCATG	0.43907
TTCATT	0.367808
TTCCAA	0.51003
TTCCAC	1.16133
TTCCAG	1.02436
TTCCAT	0.800965
TTCCCA	1.84149
TTCCCC	2.31066
TTCCCG	0.870567
TTCCCT	2.03267
TTCCGA	1.27938
TTCCGC	0.882742
TTCCGG	0.785022
TTCCGT	1.13382
TTCCTA	0.911676
TTCCTC	0.68759
TTCCTG	0.80918
TTCCTT	0.727862
TTCGAA	0.464089
TTCGAC	0.717227
TTCGAG	0.528905
TTCGAT	1.19087
TTCGCA	0.589869
TTCGCC	1.5779
TTCGCG	1.16882
TTCGCT	0.823252
TTCGGA	0.671447
TTCGGC	0
TTCGGG	0.876613
TTCGGT	0
TTCGTA	0
TTCGTC	0
TTCGTG	0.402013
TTCGTT	0.901658
TTCTAA	0.711014
TTCTAC	1.12996
TTCTAG	0.62615
TTCTAT	0.909656
TTCTCA	0.705378
TTCTCC	0.63723
TTCTCG	0.366953
TTCTCT	0.577121
TTCTGA	1.25258
TTCTGC	1.11472
TTCTGG	0.897556
TTCTGT	1.71923
TTCTTA	0.410513
TTCTTC	0.062122
TTCTTG	0.166974
TTCTTT	0.22838
TTGAAA	0.795915
TTGAAC	0.509823
TTGAAG	0.448693
TTGAAT	0.134863
TTGACA	0.673038
TTGACC	1.35846
TTGACG	0.40459
TTGACT	1.39227
TTGAGA	0.466729
TTGAGC	0.590973
TTGAGG	0.687913
TTGAGT	0.476091
TTGATA	0.447633
TTGATC	0.315581
TTGATG	0.294248
TTGATT	0.213712
TTGCAA	1.30632
TTGCAC	0.615165
TTGCAG	0.717228
TTGCAT	0.691509
TTGCCA	1.89467
TTGCCC	2.66026
TTGCCG	0.471015
TTGCCT	2.02428
TTGCGA	2.46547
TTGCGC	2.00368
TTGCGG	1.15809
TTGCGT	3.28729
TTGCTA	0.813349
TTGCTC	0.427183
TTGCTG	1.23523
TTGCTT	0.631161
TTGGAA	0.774431
TTGGAC	0.971021
TTGGAG	0.510647
TTGGAT	0.833219
TTGGCA	1.00412
TTGGCC	0.816569
TTGGCG	0.300552
TTGGCT	1.27339
TTGGGA	1.00459
TTGGGC	0.753008
TTGGGG	0.828577
TTGGGT	0.833401
TTGGTA	0.529497
TTGGTC	0.456261
TTGGTG	0.390814
TTGGTT	0.613317
TTGTAA	1.17699
TTGTAC	1.02535
TTGTAG	0.699563
TTGTAT	1.10832
TTGTCA	0.869183
TTGTCC	1.1242
TTGTCG	0.864602
TTGTCT	0.652231
TTGTGA	1.71032
TTGTGC	1.53567
TTGTGG	0.909357
TTGTGT	1.61062
TTGTTA	0.410912
TTGTTC	0.130136
TTGTTG	0.188594
TTGTTT	0.400555
TTTAAA	0.539838
TTTAAC	0.537159
TTTAAG	0.566292
TTTAAT	0.80796
TTTACA	1.32928
TTTACC	1.14917
TTTACG	0.450828
TTTACT	0.778471
TTTAGA	0.9314
TTTAGC	0.83291
TTTAGG	0.598258
TTTAGT	0.745045
TTTATA	0.399468
TTTATC	0.413064
TTTATG	0.30228
TTTATT	0.501807
TTTCAA	2.04246
TTTCAC	2.18478
TTTCAG	1.39931
TTTCAT	1.18342
TTTCCA	3.60251
TTTCCC	3.99612
TTTCCG	2.3852
TTTCCT	3.77766
TTTCGA	1.50277
TTTCGC	1.47467
TTTCGG	1.95492
TTTCGT	3.1558
TTTCTA	0.888958
TTTCTC	0.64569
TTTCTG	1.05722
TTTCTT	1.05697
TTTGAA	1.17726
TTTGAC	1.18047
TTTGAG	0.556362
TTTGAT	0.623227
TTTGCA	1.59307
TTTGCC	2.31463
TTTGCG	1.15456
TTTGCT	1.8361
TTTGGA	2.07549
TTTGGC	1.8283
TTTGGG	1.11658
TTTGGT	1.80193
TTTGTA	0.679956
TTTGTC	0.584407
TTTGTG	0.415238
TTTGTT	1.10526
TTTTAA	1.41204
TTTTAC	1.70435
TTTTAG	0.783356
TTTTAT	1.36082
TTTTCA	1.01511
TTTTCC	1.32362
TTTTCG	0.539453
TTTTCT	0.807111
TTTTGA	1.70846
TTTTGC	1.81261
TTTTGG	1.79023
TTTTGT	1.78113
TTTTTA	0.158683
TTTTTC	0.187208
TTTTTG	0.420479
TTTTTT	0.235386
